Month,Prediction,Stat,Value
1,caraib_gswp3,min,6.898757132795356e-4
2,caraib_gswp3,min,1.365718562335176e-4
3,caraib_gswp3,min,4.4586073781340144e-5
4,caraib_gswp3,min,2.2969871214601058e-5
5,caraib_gswp3,min,1.5747934090588488e-4
6,caraib_gswp3,min,0.001683937444714882
7,caraib_gswp3,min,0.011630225268684704
8,caraib_gswp3,min,0.06348784444118231
9,caraib_gswp3,min,0.13132728375394767
10,caraib_gswp3,min,0.16151908344948618
11,caraib_gswp3,min,0.028306591187744087
12,caraib_gswp3,min,0.003978798231068832
1,caraib_princeton,min,6.551480981861757e-4
2,caraib_princeton,min,1.2757101483271328e-4
3,caraib_princeton,min,4.250949751122206e-5
4,caraib_princeton,min,2.3232100892056263e-5
5,caraib_princeton,min,1.5258912159242513e-4
6,caraib_princeton,min,0.011367995542306433
7,caraib_princeton,min,0.35875805294382396
8,caraib_princeton,min,0.8497647526739653
9,caraib_princeton,min,0.613829220482119
10,caraib_princeton,min,0.30673743307092766
11,caraib_princeton,min,0.029475991821377362
12,caraib_princeton,min,0.0037264911463654937
1,caraib_wfdei,min,0.0026867872592865965
2,caraib_wfdei,min,5.604620029753078e-4
3,caraib_wfdei,min,1.4571445222088633e-4
4,caraib_wfdei,min,6.946242187756533e-5
5,caraib_wfdei,min,3.5797846321924574e-4
6,caraib_wfdei,min,0.001746305483727117
7,caraib_wfdei,min,0.05163791050578206
8,caraib_wfdei,min,0.1396902632721283
9,caraib_wfdei,min,0.30106759663597216
10,caraib_wfdei,min,0.20425536912136902
11,caraib_wfdei,min,0.04774699715038377
12,caraib_wfdei,min,0.012516135124262298
1,dbh_gswp3,min,0.14726906264697165
2,dbh_gswp3,min,0.03606368239587733
3,dbh_gswp3,min,0.026486972465999237
4,dbh_gswp3,min,0.029230421508227442
5,dbh_gswp3,min,0.1126050590212943
6,dbh_gswp3,min,0.05644766950821559
7,dbh_gswp3,min,0.0695339026531864
8,dbh_gswp3,min,0.0852218681528902
9,dbh_gswp3,min,0.07722200163903879
10,dbh_gswp3,min,0.03553117816444868
11,dbh_gswp3,min,0.037651622346263354
12,dbh_gswp3,min,0.02886784496163534
1,dbh_princeton,min,0.14285826955973188
2,dbh_princeton,min,0.037502061268978364
3,dbh_princeton,min,0.030161993936675204
4,dbh_princeton,min,0.029339040631990193
5,dbh_princeton,min,0.03738637008757652
6,dbh_princeton,min,0.1111539596289333
7,dbh_princeton,min,0.12541001714652816
8,dbh_princeton,min,0.6301410758931334
9,dbh_princeton,min,0.27008238220943553
10,dbh_princeton,min,0.17237022492333595
11,dbh_princeton,min,0.04918333873651439
12,dbh_princeton,min,0.037881981890813474
1,dbh_wfdei,min,0.149108883072917
2,dbh_wfdei,min,0.04839551402037968
3,dbh_wfdei,min,0.03397625436981168
4,dbh_wfdei,min,0.03166320516130947
5,dbh_wfdei,min,0.08195445228057453
6,dbh_wfdei,min,0.04966764109220452
7,dbh_wfdei,min,0.06997231178005324
8,dbh_wfdei,min,0.20775597920596622
9,dbh_wfdei,min,0.23446567973991328
10,dbh_wfdei,min,0.12338792633302492
11,dbh_wfdei,min,0.08381280867813592
12,dbh_wfdei,min,0.045474416059192425
1,dlem_gswp3,min,0.005326449211231182
2,dlem_gswp3,min,0.004348856223524492
3,dlem_gswp3,min,0.003646938325616335
4,dlem_gswp3,min,0.003690582919819856
5,dlem_gswp3,min,0.003982839928708652
6,dlem_gswp3,min,0.003619745971760208
7,dlem_gswp3,min,0.004915140593316052
8,dlem_gswp3,min,0.00551153808929299
9,dlem_gswp3,min,0.007784932738472769
10,dlem_gswp3,min,0.008788298658785708
11,dlem_gswp3,min,0.008564134992360518
12,dlem_gswp3,min,0.006615216387980608
1,dlem_princeton,min,0.026289489222457333
2,dlem_princeton,min,0.01958882732815638
3,dlem_princeton,min,0.013957079392534074
4,dlem_princeton,min,0.008904149525078174
5,dlem_princeton,min,0.006580940495872331
6,dlem_princeton,min,0.007395332394297967
7,dlem_princeton,min,0.009631480803665677
8,dlem_princeton,min,0.07360371318328994
9,dlem_princeton,min,0.3543384427457614
10,dlem_princeton,min,0.2892666285589244
11,dlem_princeton,min,0.11102207869574607
12,dlem_princeton,min,0.038978363738061454
1,dlem_wfdei,min,0.006066804723478418
2,dlem_wfdei,min,0.0050243327040392334
3,dlem_wfdei,min,0.004078812374427222
4,dlem_wfdei,min,0.003959761548169957
5,dlem_wfdei,min,0.003907433696654909
6,dlem_wfdei,min,0.003683498859721658
7,dlem_wfdei,min,0.0037497654800951173
8,dlem_wfdei,min,0.006361576247548293
9,dlem_wfdei,min,0.009598348798094068
10,dlem_wfdei,min,0.011852549427791575
11,dlem_wfdei,min,0.01013670605479427
12,dlem_wfdei,min,0.007643488454614483
1,h08_gswp3,min,0.0010997293591827853
2,h08_gswp3,min,8.10106710681474e-5
3,h08_gswp3,min,3.81256930948029e-5
4,h08_gswp3,min,2.4362734985263485e-4
5,h08_gswp3,min,0.0027293137983328154
6,h08_gswp3,min,0.018530187474465824
7,h08_gswp3,min,0.04302641955012643
8,h08_gswp3,min,0.09602168502425174
9,h08_gswp3,min,0.12073395092675963
10,h08_gswp3,min,0.09837885109763068
11,h08_gswp3,min,0.033923005199099326
12,h08_gswp3,min,0.007655654773371712
1,h08_princeton,min,5.272299008086637e-4
2,h08_princeton,min,3.7094896304374634e-5
3,h08_princeton,min,3.7634595194648226e-5
4,h08_princeton,min,2.3045091653154114e-4
5,h08_princeton,min,0.003019314605834166
6,h08_princeton,min,0.04695831660673075
7,h08_princeton,min,0.4763120493958707
8,h08_princeton,min,0.3958742153226442
9,h08_princeton,min,0.200366305188364
10,h08_princeton,min,0.06625593714116942
11,h08_princeton,min,0.013915738748631364
12,h08_princeton,min,0.003839579359681173
1,lpjml_gswp3,min,0.002431660901310291
2,lpjml_gswp3,min,0.0025608057956691727
3,lpjml_gswp3,min,0.0031725129500719605
4,lpjml_gswp3,min,0.0037957414215169594
5,lpjml_gswp3,min,0.058517619866450016
6,lpjml_gswp3,min,0.091770919158630615
7,lpjml_gswp3,min,0.10216861398990161
8,lpjml_gswp3,min,0.19559711658506668
9,lpjml_gswp3,min,0.14435839743197104
10,lpjml_gswp3,min,0.07360391357217227
11,lpjml_gswp3,min,0.0017781971917047387
12,lpjml_gswp3,min,0.0016802199439322272
1,lpjml_princeton,min,0.00442182178161291
2,lpjml_princeton,min,0.003900073319074428
3,lpjml_princeton,min,0.005621446694639733
4,lpjml_princeton,min,0.005382630634885836
5,lpjml_princeton,min,0.028297446357603326
6,lpjml_princeton,min,0.24696276539604856
7,lpjml_princeton,min,0.34254749411283036
8,lpjml_princeton,min,0.4622883010396604
9,lpjml_princeton,min,0.23456226718119913
10,lpjml_princeton,min,0.22863055587517786
11,lpjml_princeton,min,0.018357654734158912
12,lpjml_princeton,min,0.006493033963590799
1,lpjml_wfdei,min,0.0024425398258677232
2,lpjml_wfdei,min,0.002946897768864956
3,lpjml_wfdei,min,0.004199430043442853
4,lpjml_wfdei,min,0.006386469347718035
5,lpjml_wfdei,min,0.05344755988063069
6,lpjml_wfdei,min,0.08387493758119678
7,lpjml_wfdei,min,0.17677836285788479
8,lpjml_wfdei,min,0.2877376947848495
9,lpjml_wfdei,min,0.22378640513081344
10,lpjml_wfdei,min,0.0808630676310798
11,lpjml_wfdei,min,0.011285286074814438
12,lpjml_wfdei,min,0.0020767397057771635
1,matsiro_gswp3,min,8.594395409592875e-4
2,matsiro_gswp3,min,7.877622903012508e-4
3,matsiro_gswp3,min,7.36309965992814e-4
4,matsiro_gswp3,min,0.001152178148519399
5,matsiro_gswp3,min,0.0019916271372352823
6,matsiro_gswp3,min,0.001699651533827736
7,matsiro_gswp3,min,0.0019674801464523097
8,matsiro_gswp3,min,0.0028332290018211552
9,matsiro_gswp3,min,0.004315775880711609
10,matsiro_gswp3,min,0.0016346672196551094
11,matsiro_gswp3,min,0.0014425253313349433
12,matsiro_gswp3,min,9.311958512935584e-4
1,matsiro_princeton,min,0.007398639854548602
2,matsiro_princeton,min,0.0029512332658296584
3,matsiro_princeton,min,0.002175941856685255
4,matsiro_princeton,min,0.0014732139232494787
5,matsiro_princeton,min,0.0026285301929770194
6,matsiro_princeton,min,0.005526185264161222
7,matsiro_princeton,min,0.004508462837228649
8,matsiro_princeton,min,0.021121977618297094
9,matsiro_princeton,min,0.050590669857158536
10,matsiro_princeton,min,0.1407603482533381
11,matsiro_princeton,min,0.040562980572815405
12,matsiro_princeton,min,0.0150177200039717
1,matsiro_wfdei,min,1.9599581922892937e-4
2,matsiro_wfdei,min,2.1030542493502194e-4
3,matsiro_wfdei,min,2.1693115743409526e-4
4,matsiro_wfdei,min,2.71584224476403e-4
5,matsiro_wfdei,min,7.197273293642369e-4
6,matsiro_wfdei,min,0.0012646980714890797
7,matsiro_wfdei,min,8.513222256865455e-4
8,matsiro_wfdei,min,0.0014758467670218866
9,matsiro_wfdei,min,0.0013137921735077366
10,matsiro_wfdei,min,0.0020261914797464527
11,matsiro_wfdei,min,0.0012167734264634288
12,matsiro_wfdei,min,0.0012369993965051242
1,pcr-globwb_gswp3,min,0.012164923340898087
2,pcr-globwb_gswp3,min,0.010696968321194803
3,pcr-globwb_gswp3,min,0.010556174257512011
4,pcr-globwb_gswp3,min,0.01049231491295682
5,pcr-globwb_gswp3,min,0.0068412806177117
6,pcr-globwb_gswp3,min,0.004461235769907327
7,pcr-globwb_gswp3,min,0.004873400215340767
8,pcr-globwb_gswp3,min,0.010823061981712491
9,pcr-globwb_gswp3,min,0.016428224992278254
10,pcr-globwb_gswp3,min,0.015445840414161128
11,pcr-globwb_gswp3,min,0.011995559249793111
12,pcr-globwb_gswp3,min,0.012069345149868592
1,pcr-globwb_wfdei,min,0.009725440228255054
2,pcr-globwb_wfdei,min,0.008719486473391328
3,pcr-globwb_wfdei,min,0.008678223062703685
4,pcr-globwb_wfdei,min,0.008617946713112343
5,pcr-globwb_wfdei,min,0.007822688821873487
6,pcr-globwb_wfdei,min,0.004699459534397029
7,pcr-globwb_wfdei,min,0.006390383193076157
8,pcr-globwb_wfdei,min,0.008893627021371356
9,pcr-globwb_wfdei,min,0.013980053142940195
10,pcr-globwb_wfdei,min,0.010335350927638466
11,pcr-globwb_wfdei,min,0.009986865268027697
12,pcr-globwb_wfdei,min,0.010086028541405228
1,vegas_gswp3,min,0.0027238392707055587
2,vegas_gswp3,min,0.001117086478064386
3,vegas_gswp3,min,2.5347301053808884e-4
4,vegas_gswp3,min,3.2248337914551005e-4
5,vegas_gswp3,min,5.057386904297888e-4
6,vegas_gswp3,min,0.0032181122535541954
7,vegas_gswp3,min,0.048402493905317756
8,vegas_gswp3,min,0.08988769263294907
9,vegas_gswp3,min,0.07691304746580545
10,vegas_gswp3,min,0.048333923501634214
11,vegas_gswp3,min,0.01337934798101466
12,vegas_gswp3,min,0.004982919228982786
1,vegas_wfdei,min,0.0012535886139022781
2,vegas_wfdei,min,8.017062415741064e-4
3,vegas_wfdei,min,4.206976070653967e-4
4,vegas_wfdei,min,2.6069487742126104e-4
5,vegas_wfdei,min,3.982787421332432e-4
6,vegas_wfdei,min,0.002220809343177586
7,vegas_wfdei,min,0.026199856988589787
8,vegas_wfdei,min,0.09731729302208512
9,vegas_wfdei,min,0.09692202045953806
10,vegas_wfdei,min,0.06353354748611262
11,vegas_wfdei,min,0.012600794126639529
12,vegas_wfdei,min,0.0017737923139550542
1,vic_princeton,min,0.02175584940080897
2,vic_princeton,min,0.013276480471214625
3,vic_princeton,min,0.007749122097138062
4,vic_princeton,min,0.0069724810636526665
5,vic_princeton,min,0.13814515644534156
6,vic_princeton,min,0.2779781383493768
7,vic_princeton,min,0.41189423772468353
8,vic_princeton,min,0.7367269872594139
9,vic_princeton,min,0.7160855964529469
10,vic_princeton,min,0.5730430693159073
11,vic_princeton,min,0.1867129088848572
12,vic_princeton,min,0.061602143310718865
1,watergap2_princeton,min,0.12293083094288026
2,watergap2_princeton,min,0.11101565790197457
3,watergap2_princeton,min,0.10219043132946591
4,watergap2_princeton,min,0.10274408076274937
5,watergap2_princeton,min,0.09848670206401117
6,watergap2_princeton,min,0.17626246168031134
7,watergap2_princeton,min,0.3559530093688878
8,watergap2_princeton,min,0.4643354404634556
9,watergap2_princeton,min,0.3900972710300803
10,watergap2_princeton,min,0.35754636816863367
11,watergap2_princeton,min,0.2874103261474069
12,watergap2_princeton,min,0.16839647998847052
1,watergap2_wfdei,min,0.051719694218385334
2,watergap2_wfdei,min,0.031093478694986954
3,watergap2_wfdei,min,0.020157837821701382
4,watergap2_wfdei,min,0.01918658421978275
5,watergap2_wfdei,min,0.019649367731847885
6,watergap2_wfdei,min,0.043453469132225864
7,watergap2_wfdei,min,0.08957609312855394
8,watergap2_wfdei,min,0.14560152656261452
9,watergap2_wfdei,min,0.2751151155911514
10,watergap2_wfdei,min,0.2573167921500438
11,watergap2_wfdei,min,0.23452405970096712
12,watergap2_wfdei,min,0.17264095030337157
1,LORA,min,0.14060890435551282
2,LORA,min,0.10338196867244472
3,LORA,min,0.07818350924416965
4,LORA,min,0.06108237629762368
5,LORA,min,0.0730807649966877
6,LORA,min,0.10579879218600238
7,LORA,min,0.17282659390378213
8,LORA,min,0.25776057002904995
9,LORA,min,0.45671929361066693
10,LORA,min,0.3655040444732166
11,LORA,min,0.2967598702305471
12,LORA,min,0.22970878165473255
1,caraib_gswp3,mean,0.01181389856758816
2,caraib_gswp3,mean,7.3295751486671e-4
3,caraib_gswp3,mean,1.2500294448752105e-4
4,caraib_gswp3,mean,0.02119208889351101
5,caraib_gswp3,mean,0.06765253398768058
6,caraib_gswp3,mean,0.09999411532781526
7,caraib_gswp3,mean,0.28211055122736794
8,caraib_gswp3,mean,0.6845829440122262
9,caraib_gswp3,mean,0.8871908901439797
10,caraib_gswp3,mean,0.6338720492795722
11,caraib_gswp3,mean,0.21255581895872414
12,caraib_gswp3,mean,0.031432861461309976
1,caraib_princeton,mean,0.0032156259821066314
2,caraib_princeton,mean,4.677249685066369e-4
3,caraib_princeton,mean,1.1485342830679275e-4
4,caraib_princeton,mean,0.037020298127942185
5,caraib_princeton,mean,0.025058029269041368
6,caraib_princeton,mean,0.45138205484101396
7,caraib_princeton,mean,1.1082927102580127
8,caraib_princeton,mean,1.7860119665225598
9,caraib_princeton,mean,1.5173438739377074
10,caraib_princeton,mean,0.9084155150886075
11,caraib_princeton,mean,0.33213522459110717
12,caraib_princeton,mean,0.031962156907052536
1,caraib_wfdei,mean,0.014600538302327553
2,caraib_wfdei,mean,0.0026597193412513246
3,caraib_wfdei,mean,5.551784389418191e-4
4,caraib_wfdei,mean,5.560539005099825e-4
5,caraib_wfdei,mean,0.02545337222483325
6,caraib_wfdei,mean,0.17526052056604718
7,caraib_wfdei,mean,0.4595962135466206
8,caraib_wfdei,mean,0.9257261948981504
9,caraib_wfdei,mean,1.0538269769710948
10,caraib_wfdei,mean,0.7346265777910644
11,caraib_wfdei,mean,0.2958538471758588
12,caraib_wfdei,mean,0.05540462510193893
1,dbh_gswp3,mean,0.1992571331032241
2,dbh_gswp3,mean,0.0550623070624896
3,dbh_gswp3,mean,0.04449192966891139
4,dbh_gswp3,mean,0.18380310967337282
5,dbh_gswp3,mean,0.5630257948262467
6,dbh_gswp3,mean,0.3659518484988503
7,dbh_gswp3,mean,0.3446949938204674
8,dbh_gswp3,mean,0.4798956824730654
9,dbh_gswp3,mean,0.7118970870295608
10,dbh_gswp3,mean,0.5409430044930159
11,dbh_gswp3,mean,0.2343404342879616
12,dbh_gswp3,mean,0.06398043752158684
1,dbh_princeton,mean,0.15936812171079912
2,dbh_princeton,mean,0.04560656918727817
3,dbh_princeton,mean,0.039475274885772696
4,dbh_princeton,mean,0.22792925584299026
5,dbh_princeton,mean,0.46797586218436604
6,dbh_princeton,mean,0.4428658895811776
7,dbh_princeton,mean,0.7503021047771125
8,dbh_princeton,mean,1.6060060802091103
9,dbh_princeton,mean,1.4902497669932988
10,dbh_princeton,mean,0.8701254621127591
11,dbh_princeton,mean,0.403801538556229
12,dbh_princeton,mean,0.06283503319569025
1,dbh_wfdei,mean,0.22176487081393556
2,dbh_wfdei,mean,0.06936672572323675
3,dbh_wfdei,mean,0.045724823519912756
4,dbh_wfdei,mean,0.13522344943763198
5,dbh_wfdei,mean,0.4017233300886582
6,dbh_wfdei,mean,0.29352502120453333
7,dbh_wfdei,mean,0.4519511669640768
8,dbh_wfdei,mean,0.911407038887538
9,dbh_wfdei,mean,1.0799437192876273
10,dbh_wfdei,mean,0.7412691671960029
11,dbh_wfdei,mean,0.3246858087508203
12,dbh_wfdei,mean,0.08840471104547737
1,dlem_gswp3,mean,0.04087449877581897
2,dlem_gswp3,mean,0.024806885371024618
3,dlem_gswp3,mean,0.01861240919854929
4,dlem_gswp3,mean,0.030894816046761756
5,dlem_gswp3,mean,0.0703531729837279
6,dlem_gswp3,mean,0.02493392297276578
7,dlem_gswp3,mean,0.054346235264689846
8,dlem_gswp3,mean,0.26339633882760866
9,dlem_gswp3,mean,0.5289345118368677
10,dlem_gswp3,mean,0.45788388308466293
11,dlem_gswp3,mean,0.2562507453831515
12,dlem_gswp3,mean,0.08615188807629977
1,dlem_princeton,mean,0.038901416598997915
2,dlem_princeton,mean,0.0261954078424466
3,dlem_princeton,mean,0.019662960908161175
4,dlem_princeton,mean,0.04398452002241153
5,dlem_princeton,mean,0.01091665004760814
6,dlem_princeton,mean,0.02502282240847621
7,dlem_princeton,mean,0.42555483573847996
8,dlem_princeton,mean,1.4122404526734673
9,dlem_princeton,mean,1.3381335214676868
10,dlem_princeton,mean,0.8659108004790592
11,dlem_princeton,mean,0.4277987371884868
12,dlem_princeton,mean,0.10190449945996807
1,dlem_wfdei,mean,0.037949922097554364
2,dlem_wfdei,mean,0.025529986748195184
3,dlem_wfdei,mean,0.019116948261263547
4,dlem_wfdei,mean,0.0135419941160637
5,dlem_wfdei,mean,0.015008315940283646
6,dlem_wfdei,mean,0.013197906098758844
7,dlem_wfdei,mean,0.04955654113842307
8,dlem_wfdei,mean,0.2787277013915674
9,dlem_wfdei,mean,0.5729725168522206
10,dlem_wfdei,mean,0.5245335714639325
11,dlem_wfdei,mean,0.25766375855925583
12,dlem_wfdei,mean,0.09318252422449813
1,h08_gswp3,mean,0.005097762047784839
2,h08_gswp3,mean,0.0015361237795835096
3,h08_gswp3,mean,2.5250465831405764e-4
4,h08_gswp3,mean,0.001901627017568748
5,h08_gswp3,mean,0.10627737679497333
6,h08_gswp3,mean,0.19013712801390853
7,h08_gswp3,mean,0.4390945194659672
8,h08_gswp3,mean,0.8262098334036596
9,h08_gswp3,mean,0.8572738292420609
10,h08_gswp3,mean,0.5052455167388625
11,h08_gswp3,mean,0.13284784414690842
12,h08_gswp3,mean,0.022960110614905018
1,h08_princeton,mean,0.0027296154868158575
2,h08_princeton,mean,3.866956781973046e-4
3,h08_princeton,mean,1.0198997950697725e-4
4,h08_princeton,mean,0.0036298662275014715
5,h08_princeton,mean,0.15741617940999253
6,h08_princeton,mean,0.8032697215149136
7,h08_princeton,mean,1.1234185066498006
8,h08_princeton,mean,1.663349495600177
9,h08_princeton,mean,1.3652005180763813
10,h08_princeton,mean,0.696986002845348
11,h08_princeton,mean,0.20421792466034286
12,h08_princeton,mean,0.020488419224407896
1,lpjml_gswp3,mean,0.017306414937917694
2,lpjml_gswp3,mean,0.008715233154132994
3,lpjml_gswp3,mean,0.007832881734139624
4,lpjml_gswp3,mean,0.05191189713660079
5,lpjml_gswp3,mean,0.2691768470808018
6,lpjml_gswp3,mean,0.2980266753076386
7,lpjml_gswp3,mean,0.35023505851959147
8,lpjml_gswp3,mean,0.4945895218585777
9,lpjml_gswp3,mean,0.5558742258009738
10,lpjml_gswp3,mean,0.37898432628244244
11,lpjml_gswp3,mean,0.1403597210738667
12,lpjml_gswp3,mean,0.027889087764749965
1,lpjml_princeton,mean,0.02133692856241071
2,lpjml_princeton,mean,0.010829465554564426
3,lpjml_princeton,mean,0.008827997457606835
4,lpjml_princeton,mean,0.06549771362024726
5,lpjml_princeton,mean,0.30850453712027237
6,lpjml_princeton,mean,0.5339317179135605
7,lpjml_princeton,mean,0.7035753043345121
8,lpjml_princeton,mean,1.243268997908603
9,lpjml_princeton,mean,1.1904953725577851
10,lpjml_princeton,mean,0.6676826763934576
11,lpjml_princeton,mean,0.2495386188834276
12,lpjml_princeton,mean,0.053368314322834454
1,lpjml_wfdei,mean,0.039911676190401604
2,lpjml_wfdei,mean,0.014655522741610182
3,lpjml_wfdei,mean,0.010591913751661184
4,lpjml_wfdei,mean,0.04429161466692983
5,lpjml_wfdei,mean,0.2623391375599641
6,lpjml_wfdei,mean,0.34306304043509134
7,lpjml_wfdei,mean,0.45495684166228406
8,lpjml_wfdei,mean,0.7794573288960746
9,lpjml_wfdei,mean,0.9950243836575984
10,lpjml_wfdei,mean,0.6588298439562846
11,lpjml_wfdei,mean,0.2700587102290175
12,lpjml_wfdei,mean,0.08636779813757223
1,matsiro_gswp3,mean,0.018375625208936097
2,matsiro_gswp3,mean,0.007750208076701886
3,matsiro_gswp3,mean,0.0039515457784864635
4,matsiro_gswp3,mean,0.017980216524188346
5,matsiro_gswp3,mean,0.034579445534868934
6,matsiro_gswp3,mean,0.006219692249687097
7,matsiro_gswp3,mean,0.011039325727405357
8,matsiro_gswp3,mean,0.038870981559031834
9,matsiro_gswp3,mean,0.17406396322390436
10,matsiro_gswp3,mean,0.19040931969327682
11,matsiro_gswp3,mean,0.07817047078694359
12,matsiro_gswp3,mean,0.024934966878492004
1,matsiro_princeton,mean,0.014078093990699776
2,matsiro_princeton,mean,0.005501279059132605
3,matsiro_princeton,mean,0.00351694457364542
4,matsiro_princeton,mean,0.009107171058755624
5,matsiro_princeton,mean,0.007906153015735115
6,matsiro_princeton,mean,0.010966375896452203
7,matsiro_princeton,mean,0.12146684058329399
8,matsiro_princeton,mean,0.8219724919071909
9,matsiro_princeton,mean,1.3486383022390322
10,matsiro_princeton,mean,0.7279510809830932
11,matsiro_princeton,mean,0.2071044871872829
12,matsiro_princeton,mean,0.03504195414822072
1,matsiro_wfdei,mean,0.027647158194536767
2,matsiro_wfdei,mean,0.013328971333573454
3,matsiro_wfdei,mean,0.008794644809410853
4,matsiro_wfdei,mean,0.009761194504101223
5,matsiro_wfdei,mean,0.019354827101823374
6,matsiro_wfdei,mean,0.02340397716960433
7,matsiro_wfdei,mean,0.16276168104894542
8,matsiro_wfdei,mean,0.7149513708619468
9,matsiro_wfdei,mean,1.2002781007548853
10,matsiro_wfdei,mean,0.7388362252409223
11,matsiro_wfdei,mean,0.2702044710048597
12,matsiro_wfdei,mean,0.05290672727003376
1,pcr-globwb_gswp3,mean,0.10746966579697091
2,pcr-globwb_gswp3,mean,0.08606689269531276
3,pcr-globwb_gswp3,mean,0.07043439525571633
4,pcr-globwb_gswp3,mean,0.05934548952289288
5,pcr-globwb_gswp3,mean,0.06900161627241169
6,pcr-globwb_gswp3,mean,0.10088871189366935
7,pcr-globwb_gswp3,mean,0.2016424538466848
8,pcr-globwb_gswp3,mean,0.3725885198805849
9,pcr-globwb_gswp3,mean,0.5287608685981358
10,pcr-globwb_gswp3,mean,0.4057058012448217
11,pcr-globwb_gswp3,mean,0.19370298735993807
12,pcr-globwb_gswp3,mean,0.1333705894558241
1,pcr-globwb_wfdei,mean,0.09783863052940399
2,pcr-globwb_wfdei,mean,0.07749733172838676
3,pcr-globwb_wfdei,mean,0.06310167525484246
4,pcr-globwb_wfdei,mean,0.052907370121391815
5,pcr-globwb_wfdei,mean,0.06342901448826731
6,pcr-globwb_wfdei,mean,0.08460667135375312
7,pcr-globwb_wfdei,mean,0.17236061827951393
8,pcr-globwb_wfdei,mean,0.32814067683757886
9,pcr-globwb_wfdei,mean,0.48254134774595747
10,pcr-globwb_wfdei,mean,0.374262940800276
11,pcr-globwb_wfdei,mean,0.1806102686320018
12,pcr-globwb_wfdei,mean,0.12317357714564577
1,vegas_gswp3,mean,0.011014457621293666
2,vegas_gswp3,mean,0.0055378659007245005
3,vegas_gswp3,mean,0.003344563023450039
4,vegas_gswp3,mean,0.006355389953145359
5,vegas_gswp3,mean,0.03862946842512843
6,vegas_gswp3,mean,0.12540883157415608
7,vegas_gswp3,mean,0.2756271713951346
8,vegas_gswp3,mean,0.5670346775663141
9,vegas_gswp3,mean,0.7284482341225681
10,vegas_gswp3,mean,0.45513731611767366
11,vegas_gswp3,mean,0.1479031633898622
12,vegas_gswp3,mean,0.03328189296487241
1,vegas_wfdei,mean,0.009328717216342541
2,vegas_wfdei,mean,0.005208133087617845
3,vegas_wfdei,mean,0.0029687093527379434
4,vegas_wfdei,mean,0.0034417666902363062
5,vegas_wfdei,mean,0.019473085478054538
6,vegas_wfdei,mean,0.08995361902655309
7,vegas_wfdei,mean,0.2766584046854386
8,vegas_wfdei,mean,0.6067625760344854
9,vegas_wfdei,mean,0.7617533698623951
10,vegas_wfdei,mean,0.46557321895859916
11,vegas_wfdei,mean,0.1416602343549018
12,vegas_wfdei,mean,0.027609883235796
1,vic_princeton,mean,0.05976827249170593
2,vic_princeton,mean,0.02864255591413718
3,vic_princeton,mean,0.017643283421883257
4,vic_princeton,mean,0.08651296416798272
5,vic_princeton,mean,0.3622701596982731
6,vic_princeton,mean,0.661096290434077
7,vic_princeton,mean,0.7690919356607735
8,vic_princeton,mean,1.3048217357257452
9,vic_princeton,mean,1.4171834943839132
10,vic_princeton,mean,1.058281199981131
11,vic_princeton,mean,0.5393348217490745
12,vic_princeton,mean,0.19436630173660596
1,watergap2_princeton,mean,0.25967169742577595
2,watergap2_princeton,mean,0.24233904113770935
3,watergap2_princeton,mean,0.2286081617753048
4,watergap2_princeton,mean,0.22466116072783043
5,watergap2_princeton,mean,0.3267889230034341
6,watergap2_princeton,mean,0.4536397416732689
7,watergap2_princeton,mean,0.5261482120788071
8,watergap2_princeton,mean,0.865209091215201
9,watergap2_princeton,mean,0.9502859240608683
10,watergap2_princeton,mean,0.6995118738781315
11,watergap2_princeton,mean,0.41231135360598603
12,watergap2_princeton,mean,0.2863631413764525
1,watergap2_wfdei,mean,0.25102981511970746
2,watergap2_wfdei,mean,0.24398145731957602
3,watergap2_wfdei,mean,0.24035806496862816
4,watergap2_wfdei,mean,0.23789872312506402
5,watergap2_wfdei,mean,0.2567754474451463
6,watergap2_wfdei,mean,0.2696272903869782
7,watergap2_wfdei,mean,0.32149315930321865
8,watergap2_wfdei,mean,0.4685401868937939
9,watergap2_wfdei,mean,0.7506411106938174
10,watergap2_wfdei,mean,0.683453258632625
11,watergap2_wfdei,mean,0.3780983161681965
12,watergap2_wfdei,mean,0.26730191838618844
1,LORA,mean,0.28242033323636617
2,LORA,mean,0.22134961464277436
3,LORA,mean,0.18021327313108507
4,LORA,mean,0.14876723874765724
5,LORA,mean,0.14566601003504281
6,LORA,mean,0.22392853687108782
7,LORA,mean,0.32702060020019047
8,LORA,mean,0.5223162791156046
9,LORA,mean,0.6767922627355276
10,LORA,mean,0.6263952399137778
11,LORA,mean,0.5003522780526585
12,LORA,mean,0.3742344095344905
1,caraib_gswp3,median,0.003030520336479001
2,caraib_gswp3,median,3.998997097731423e-4
3,caraib_gswp3,median,9.447343071564338e-5
4,caraib_gswp3,median,7.070978273934849e-5
5,caraib_gswp3,median,0.0074469581019557685
6,caraib_gswp3,median,0.04584406257603944
7,caraib_gswp3,median,0.20170395942471264
8,caraib_gswp3,median,0.6755594164634189
9,caraib_gswp3,median,0.8653567444233353
10,caraib_gswp3,median,0.5399797720823281
11,caraib_gswp3,median,0.13788301438909928
12,caraib_gswp3,median,0.02081888212791957
1,caraib_princeton,median,0.0025096053925402866
2,caraib_princeton,median,3.9011927114622285e-4
3,caraib_princeton,median,9.1000659421694e-5
4,caraib_princeton,median,1.3919415708499186e-4
5,caraib_princeton,median,0.011095134768243411
6,caraib_princeton,median,0.41903536273189534
7,caraib_princeton,median,1.082581833078902
8,caraib_princeton,median,1.567351729429666
9,caraib_princeton,median,1.4585619411354567
10,caraib_princeton,median,0.8026343228911499
11,caraib_princeton,median,0.2581541421434942
12,caraib_princeton,median,0.021832362468329987
1,caraib_wfdei,median,0.009007931135978288
2,caraib_wfdei,median,0.0015124252395851017
3,caraib_wfdei,median,3.799135932211436e-4
4,caraib_wfdei,median,2.3820345326306189e-4
5,caraib_wfdei,median,0.006274722539668097
6,caraib_wfdei,median,0.10903778623517342
7,caraib_wfdei,median,0.3669084198578463
8,caraib_wfdei,median,0.9142590127037635
9,caraib_wfdei,median,1.071950935685813
10,caraib_wfdei,median,0.7221937501698649
11,caraib_wfdei,median,0.22448956136939294
12,caraib_wfdei,median,0.042537846406381516
1,dbh_gswp3,median,0.16322280642617842
2,dbh_gswp3,median,0.0445935921151962
3,dbh_gswp3,median,0.03382285354930735
4,dbh_gswp3,median,0.1451464642846719
5,dbh_gswp3,median,0.547597538745249
6,dbh_gswp3,median,0.3271661611760157
7,dbh_gswp3,median,0.3212969211040627
8,dbh_gswp3,median,0.40659664033774034
9,dbh_gswp3,median,0.6248754906301432
10,dbh_gswp3,median,0.4568357028522304
11,dbh_gswp3,median,0.13555928821046015
12,dbh_gswp3,median,0.05208066556653457
1,dbh_princeton,median,0.15479980208820152
2,dbh_princeton,median,0.04319547470837112
3,dbh_princeton,median,0.03355550868796904
4,dbh_princeton,median,0.1817786582892726
5,dbh_princeton,median,0.4176760414476441
6,dbh_princeton,median,0.4141394448595941
7,dbh_princeton,median,0.633892890140812
8,dbh_princeton,median,1.4146942097366852
9,dbh_princeton,median,1.5153250978902992
10,dbh_princeton,median,0.8114773506760395
11,dbh_princeton,median,0.26148968188626726
12,dbh_princeton,median,0.050925058367635404
1,dbh_wfdei,median,0.18548498426066096
2,dbh_wfdei,median,0.059040920820980565
3,dbh_wfdei,median,0.03916887929317381
4,dbh_wfdei,median,0.08935995701988128
5,dbh_wfdei,median,0.3506609560743559
6,dbh_wfdei,median,0.26790072339883564
7,dbh_wfdei,median,0.399228975699048
8,dbh_wfdei,median,0.9136689676397258
9,dbh_wfdei,median,1.0876962249301698
10,dbh_wfdei,median,0.6828057122357098
11,dbh_wfdei,median,0.2678383941068925
12,dbh_wfdei,median,0.0748042346278268
1,dlem_gswp3,median,0.034371706173719895
2,dlem_gswp3,median,0.02443100862553659
3,dlem_gswp3,median,0.018807095686475192
4,dlem_gswp3,median,0.01316142489829893
5,dlem_gswp3,median,0.011643467112146344
6,dlem_gswp3,median,0.009106034018186797
7,dlem_gswp3,median,0.013220151365128456
8,dlem_gswp3,median,0.09652732462114225
9,dlem_gswp3,median,0.45265953174805884
10,dlem_gswp3,median,0.4245255338347632
11,dlem_gswp3,median,0.23800362060338226
12,dlem_gswp3,median,0.06539124450220124
1,dlem_princeton,median,0.037309138959893795
2,dlem_princeton,median,0.025876833198046914
3,dlem_princeton,median,0.019612576541789453
4,dlem_princeton,median,0.016133017204912458
5,dlem_princeton,median,0.010382119292283817
6,dlem_princeton,median,0.014620656217621987
7,dlem_princeton,median,0.12286137114654061
8,dlem_princeton,median,1.1694434667568723
9,dlem_princeton,median,1.270888601735711
10,dlem_princeton,median,0.7756427419960505
11,dlem_princeton,median,0.3024294394803261
12,dlem_princeton,median,0.08293699236881388
1,dlem_wfdei,median,0.035677612340215555
2,dlem_wfdei,median,0.02499643612411774
3,dlem_wfdei,median,0.019276673634082017
4,dlem_wfdei,median,0.013427062279369002
5,dlem_wfdei,median,0.00928529700697153
6,dlem_wfdei,median,0.008521633501924593
7,dlem_wfdei,median,0.013425804630393928
8,dlem_wfdei,median,0.09170130072109245
9,dlem_wfdei,median,0.5099166804960065
10,dlem_wfdei,median,0.49204185859906735
11,dlem_wfdei,median,0.2423742357197137
12,dlem_wfdei,median,0.0631050494913162
1,h08_gswp3,median,0.0035605073130348143
2,h08_gswp3,median,3.4917048470230736e-4
3,h08_gswp3,median,5.6774623995588486e-5
4,h08_gswp3,median,8.86319243802056e-4
5,h08_gswp3,median,0.021334320949894712
6,h08_gswp3,median,0.09764124049559463
7,h08_gswp3,median,0.3822457674349883
8,h08_gswp3,median,0.8708957937144195
9,h08_gswp3,median,0.8799556422699963
10,h08_gswp3,median,0.3341717732015479
11,h08_gswp3,median,0.07030703427200068
12,h08_gswp3,median,0.020687449982333402
1,h08_princeton,median,0.001965542988692308
2,h08_princeton,median,2.066036610722445e-4
3,h08_princeton,median,5.639168072729099e-5
4,h08_princeton,median,0.0024304198209472317
5,h08_princeton,median,0.04354171747366867
6,h08_princeton,median,0.7876191171414364
7,h08_princeton,median,1.155160148001743
8,h08_princeton,median,1.476906006998532
9,h08_princeton,median,1.2668251827760004
10,h08_princeton,median,0.5111461998817247
11,h08_princeton,median,0.07499394445264143
12,h08_princeton,median,0.014402675383170534
1,lpjml_gswp3,median,0.007607070645403218
2,lpjml_gswp3,median,0.006020019398836516
3,lpjml_gswp3,median,0.005879703867979511
4,lpjml_gswp3,median,0.03645355566553511
5,lpjml_gswp3,median,0.24049375304972775
6,lpjml_gswp3,median,0.2754238981597573
7,lpjml_gswp3,median,0.3318618237585693
8,lpjml_gswp3,median,0.45963884273278444
9,lpjml_gswp3,median,0.4896374424971409
10,lpjml_gswp3,median,0.31893764259788243
11,lpjml_gswp3,median,0.12249347803241406
12,lpjml_gswp3,median,0.011993052301379722
1,lpjml_princeton,median,0.012430501753364765
2,lpjml_princeton,median,0.008193566112624113
3,lpjml_princeton,median,0.007483077937073767
4,lpjml_princeton,median,0.04635398339790568
5,lpjml_princeton,median,0.2867345647389501
6,lpjml_princeton,median,0.5153523959200996
7,lpjml_princeton,median,0.5977112079166176
8,lpjml_princeton,median,1.0484708359721773
9,lpjml_princeton,median,1.1382941505347763
10,lpjml_princeton,median,0.5863859630462348
11,lpjml_princeton,median,0.19665795862907876
12,lpjml_princeton,median,0.04497146292575574
1,lpjml_wfdei,median,0.02872529436415583
2,lpjml_wfdei,median,0.010907144426156116
3,lpjml_wfdei,median,0.008809262258215897
4,lpjml_wfdei,median,0.03207207988925789
5,lpjml_wfdei,median,0.21426687282869517
6,lpjml_wfdei,median,0.32472505720954836
7,lpjml_wfdei,median,0.4161489779698043
8,lpjml_wfdei,median,0.6802525574858698
9,lpjml_wfdei,median,0.9682594413359902
10,lpjml_wfdei,median,0.6023745577918944
11,lpjml_wfdei,median,0.24692564335559586
12,lpjml_wfdei,median,0.07917616479619859
1,matsiro_gswp3,median,0.011737907156945698
2,matsiro_gswp3,median,0.005382765010243131
3,matsiro_gswp3,median,0.0038873537130450714
4,matsiro_gswp3,median,0.004230993510256441
5,matsiro_gswp3,median,0.008119623919657332
6,matsiro_gswp3,median,0.005849899413731374
7,matsiro_gswp3,median,0.006486686489188999
8,matsiro_gswp3,median,0.011922637526772703
9,matsiro_gswp3,median,0.028275699989101517
10,matsiro_gswp3,median,0.04746046192248552
11,matsiro_gswp3,median,0.044806114961834245
12,matsiro_gswp3,median,0.018827411153114072
1,matsiro_princeton,median,0.014107639805000495
2,matsiro_princeton,median,0.0052102374883966985
3,matsiro_princeton,median,0.003170481142485048
4,matsiro_princeton,median,0.004530711221628398
5,matsiro_princeton,median,0.007868810097419628
6,matsiro_princeton,median,0.0095869448964126
7,matsiro_princeton,median,0.016632285583405994
8,matsiro_princeton,median,0.3991522100580399
9,matsiro_princeton,median,1.4185194331115927
10,matsiro_princeton,median,0.5602320076792989
11,matsiro_princeton,median,0.1080023518315342
12,matsiro_princeton,median,0.0322842405747388
1,matsiro_wfdei,median,0.02230323563782733
2,matsiro_wfdei,median,0.012730602891120305
3,matsiro_wfdei,median,0.008893720170890879
4,matsiro_wfdei,median,0.00839653160982065
5,matsiro_wfdei,median,0.014335435519918019
6,matsiro_wfdei,median,0.01717913692822541
7,matsiro_wfdei,median,0.04336078301199299
8,matsiro_wfdei,median,0.5851269864948132
9,matsiro_wfdei,median,1.2813076212838772
10,matsiro_wfdei,median,0.6778115537138436
11,matsiro_wfdei,median,0.11890049702259686
12,matsiro_wfdei,median,0.049186695250293525
1,pcr-globwb_gswp3,median,0.10772076370416861
2,pcr-globwb_gswp3,median,0.08679947972629917
3,pcr-globwb_gswp3,median,0.06924748640618705
4,pcr-globwb_gswp3,median,0.05935071785830328
5,pcr-globwb_gswp3,median,0.06171665720743699
6,pcr-globwb_gswp3,median,0.0702446799314472
7,pcr-globwb_gswp3,median,0.12027590786419226
8,pcr-globwb_gswp3,median,0.34209827233585416
9,pcr-globwb_gswp3,median,0.5030993338254288
10,pcr-globwb_gswp3,median,0.3437413609765663
11,pcr-globwb_gswp3,median,0.16464842303233573
12,pcr-globwb_gswp3,median,0.1351768042808385
1,pcr-globwb_wfdei,median,0.09655756664330142
2,pcr-globwb_wfdei,median,0.07637064112289849
3,pcr-globwb_wfdei,median,0.0622762285496703
4,pcr-globwb_wfdei,median,0.0522561832662346
5,pcr-globwb_wfdei,median,0.053391536576328516
6,pcr-globwb_wfdei,median,0.06282409592874469
7,pcr-globwb_wfdei,median,0.08169754955865169
8,pcr-globwb_wfdei,median,0.2970819786598283
9,pcr-globwb_wfdei,median,0.4794904508567455
10,pcr-globwb_wfdei,median,0.30510371261046465
11,pcr-globwb_wfdei,median,0.17412532259973706
12,pcr-globwb_wfdei,median,0.12623798226065577
1,vegas_gswp3,median,0.008905319930671327
2,vegas_gswp3,median,0.00470210424398218
3,vegas_gswp3,median,0.002835963727916781
4,vegas_gswp3,median,0.004135930146831905
5,vegas_gswp3,median,0.03489408796331092
6,vegas_gswp3,median,0.09790446074916614
7,vegas_gswp3,median,0.21817135335875099
8,vegas_gswp3,median,0.5457042356646192
9,vegas_gswp3,median,0.7347729594451526
10,vegas_gswp3,median,0.42624741051035425
11,vegas_gswp3,median,0.10576526872167685
12,vegas_gswp3,median,0.021219822172022965
1,vegas_wfdei,median,0.00726367720707236
2,vegas_wfdei,median,0.004358276900712987
3,vegas_wfdei,median,0.002285875761708221
4,vegas_wfdei,median,0.0019943911819948045
5,vegas_wfdei,median,0.011178437996034064
6,vegas_wfdei,median,0.059749138230227
7,vegas_wfdei,median,0.21245997136061368
8,vegas_wfdei,median,0.6024093438669846
9,vegas_wfdei,median,0.7700524353069718
10,vegas_wfdei,median,0.43500919698091833
11,vegas_wfdei,median,0.09750841236003267
12,vegas_wfdei,median,0.01567650954561856
1,vic_princeton,median,0.053431282458709296
2,vic_princeton,median,0.02511290485613074
3,vic_princeton,median,0.014878230033562236
4,vic_princeton,median,0.06827591969663976
5,vic_princeton,median,0.3274352834449927
6,vic_princeton,median,0.6527586350609016
7,vic_princeton,median,0.713336728561359
8,vic_princeton,median,1.1067206778450696
9,vic_princeton,median,1.2969798353824757
10,vic_princeton,median,1.0209342975115656
11,vic_princeton,median,0.5330607113548914
12,vic_princeton,median,0.16594200841364404
1,watergap2_princeton,median,0.265697230549598
2,watergap2_princeton,median,0.24849709297087297
3,watergap2_princeton,median,0.23475102515882268
4,watergap2_princeton,median,0.22800365595586394
5,watergap2_princeton,median,0.32412671270596727
6,watergap2_princeton,median,0.4562356884412966
7,watergap2_princeton,median,0.5098190243140149
8,watergap2_princeton,median,0.6480010022164856
9,watergap2_princeton,median,0.8263843464292917
10,watergap2_princeton,median,0.609079235813379
11,watergap2_princeton,median,0.3545902313764163
12,watergap2_princeton,median,0.29109071845760626
1,watergap2_wfdei,median,0.26591784200997615
2,watergap2_wfdei,median,0.2606932863706443
3,watergap2_wfdei,median,0.25721980393099336
4,watergap2_wfdei,median,0.2554342053967934
5,watergap2_wfdei,median,0.275002488689742
6,watergap2_wfdei,median,0.28853824836978087
7,watergap2_wfdei,median,0.310100309197066
8,watergap2_wfdei,median,0.3676584587453556
9,watergap2_wfdei,median,0.7214138366398141
10,watergap2_wfdei,median,0.5786829142148066
11,watergap2_wfdei,median,0.33341672459198024
12,watergap2_wfdei,median,0.26560009203888574
1,LORA,median,0.2912815387708106
2,LORA,median,0.23145998009746488
3,LORA,median,0.18586120603770956
4,LORA,median,0.15548036448029762
5,LORA,median,0.1458715004843414
6,LORA,median,0.22855357314621388
7,LORA,median,0.3295777244814121
8,LORA,median,0.5346527342287551
9,LORA,median,0.660558371528057
10,LORA,median,0.5991703061651983
11,LORA,median,0.5120571176436026
12,LORA,median,0.3816917255734769
1,caraib_gswp3,max,0.21850081437773688
2,caraib_gswp3,max,0.0056570658184749165
3,caraib_gswp3,max,4.5082182218937665e-4
4,caraib_gswp3,max,0.4121961235759224
5,caraib_gswp3,max,0.6094350930702601
6,caraib_gswp3,max,0.5298449707656081
7,caraib_gswp3,max,1.1694009843138171
8,caraib_gswp3,max,1.3657186325234694
9,caraib_gswp3,max,2.053184755597515
10,caraib_gswp3,max,1.503920565818806
11,caraib_gswp3,max,0.7796006562092115
12,caraib_gswp3,max,0.13451654796215243
1,caraib_princeton,max,0.012827974667015915
2,caraib_princeton,max,0.0019419143867270181
3,caraib_princeton,max,3.3700012163820754e-4
4,caraib_princeton,max,0.5056773367966786
5,caraib_princeton,max,0.11970413576136257
6,caraib_princeton,max,1.4209993791230864
7,caraib_princeton,max,2.203435003646996
8,caraib_princeton,max,4.373559496975905
9,caraib_princeton,max,2.5925266230710746
10,caraib_princeton,max,2.2530459472098046
11,caraib_princeton,max,1.2735839657957153
12,caraib_princeton,max,0.19206526253389866
1,caraib_wfdei,max,0.1457853165658635
2,caraib_wfdei,max,0.021134266049029495
3,caraib_wfdei,max,0.0030588694925614756
4,caraib_wfdei,max,0.00763299934905472
5,caraib_wfdei,max,0.27767959231284345
6,caraib_wfdei,max,0.7824356245239098
7,caraib_wfdei,max,1.5634536980941762
8,caraib_wfdei,max,1.6747240335665263
9,caraib_wfdei,max,1.914274113621651
10,caraib_wfdei,max,1.5244737855170454
11,caraib_wfdei,max,0.8951233105610206
12,caraib_wfdei,max,0.16194432535687622
1,dbh_gswp3,max,0.8887633014171535
2,dbh_gswp3,max,0.25184577488451254
3,dbh_gswp3,max,0.15361050242107546
4,dbh_gswp3,max,0.6621068432181595
5,dbh_gswp3,max,1.6443444110414815
6,dbh_gswp3,max,1.24669738867496
7,dbh_gswp3,max,1.2386169073836522
8,dbh_gswp3,max,1.0339090434668954
9,dbh_gswp3,max,1.927925405841893
10,dbh_gswp3,max,1.7405072950819493
11,dbh_gswp3,max,0.8002084484797402
12,dbh_gswp3,max,0.32345617810752475
1,dbh_princeton,max,0.23755819786563367
2,dbh_princeton,max,0.10232688780879982
3,dbh_princeton,max,0.09693551677446023
4,dbh_princeton,max,0.7390644567755666
5,dbh_princeton,max,1.0601371427202955
6,dbh_princeton,max,0.8408395654473181
7,dbh_princeton,max,1.8688842950689513
8,dbh_princeton,max,3.993189870451785
9,dbh_princeton,max,2.3538495705799924
10,dbh_princeton,max,2.171415532101504
11,dbh_princeton,max,1.8269326153667804
12,dbh_princeton,max,0.27759337499621856
1,dbh_wfdei,max,0.9950368733121668
2,dbh_wfdei,max,0.2793237162961144
3,dbh_wfdei,max,0.10377938992333714
4,dbh_wfdei,max,0.4583338268356462
5,dbh_wfdei,max,1.209368413303099
6,dbh_wfdei,max,1.2823384216946123
7,dbh_wfdei,max,1.61564711997994
8,dbh_wfdei,max,1.7971132801567469
9,dbh_wfdei,max,1.836025060513884
10,dbh_wfdei,max,1.7633732696675197
11,dbh_wfdei,max,0.9338399789430566
12,dbh_wfdei,max,0.3750705095214853
1,dlem_gswp3,max,0.19792179461089693
2,dlem_gswp3,max,0.03891960804785325
3,dlem_gswp3,max,0.028106100023582953
4,dlem_gswp3,max,0.36800987404867846
5,dlem_gswp3,max,0.5929702073494354
6,dlem_gswp3,max,0.1808031234623782
7,dlem_gswp3,max,0.43734469452203256
8,dlem_gswp3,max,1.301682762062014
9,dlem_gswp3,max,2.045907432946609
10,dlem_gswp3,max,1.1532071579544987
11,dlem_gswp3,max,0.70371819580183
12,dlem_gswp3,max,0.2678237490194084
1,dlem_princeton,max,0.08562763894054662
2,dlem_princeton,max,0.034859155261077954
3,dlem_princeton,max,0.024376902583613833
4,dlem_princeton,max,0.46210911998070514
5,dlem_princeton,max,0.01884480010711718
6,dlem_princeton,max,0.22093909620077798
7,dlem_princeton,max,2.09559118447
8,dlem_princeton,max,3.857583240367873
9,dlem_princeton,max,2.53373012032717
10,dlem_princeton,max,2.403133479486829
11,dlem_princeton,max,1.4272424279559632
12,dlem_princeton,max,0.30691865141685326
1,dlem_wfdei,max,0.08993267679513368
2,dlem_wfdei,max,0.047336500524918945
3,dlem_wfdei,max,0.03378216521296433
4,dlem_wfdei,max,0.02380106843114846
5,dlem_wfdei,max,0.14563759656143496
6,dlem_wfdei,max,0.11990498386822036
7,dlem_wfdei,max,0.35757816320463093
8,dlem_wfdei,max,1.353110030454314
9,dlem_wfdei,max,1.6782941618942202
10,dlem_wfdei,max,1.3019638408676368
11,dlem_wfdei,max,0.6521493860623067
12,dlem_wfdei,max,0.2950112434451381
1,h08_gswp3,max,0.022973691959362722
2,h08_gswp3,max,0.012274276180203977
3,h08_gswp3,max,0.0012765390192355378
4,h08_gswp3,max,0.007986960739244525
5,h08_gswp3,max,1.1054975041072919
6,h08_gswp3,max,0.8955417893436316
7,h08_gswp3,max,1.7841630818395033
8,h08_gswp3,max,1.8334413798576346
9,h08_gswp3,max,1.6837730611224568
10,h08_gswp3,max,1.743411731542524
11,h08_gswp3,max,0.6883336065456774
12,h08_gswp3,max,0.049157037695707825
1,h08_princeton,max,0.012740487177110725
2,h08_princeton,max,0.0034313757257501513
3,h08_princeton,max,5.930266966622582e-4
4,h08_princeton,max,0.01265518100368513
5,h08_princeton,max,0.9168466009432182
6,h08_princeton,max,2.292986123311089
7,h08_princeton,max,2.0180438932281723
8,h08_princeton,max,4.627022577131601
9,h08_princeton,max,2.5294022548390704
10,h08_princeton,max,1.7192445651476531
11,h08_princeton,max,1.3142373927255266
12,h08_princeton,max,0.07713055751239956
1,lpjml_gswp3,max,0.16830939432002207
2,lpjml_gswp3,max,0.06817112048594653
3,lpjml_gswp3,max,0.03123301406600257
4,lpjml_gswp3,max,0.22532076610378496
5,lpjml_gswp3,max,0.8082521250129923
6,lpjml_gswp3,max,0.7379729385334836
7,lpjml_gswp3,max,0.8867275507615046
8,lpjml_gswp3,max,0.8468118889001593
9,lpjml_gswp3,max,1.3360376992348355
10,lpjml_gswp3,max,1.1475722225832166
11,lpjml_gswp3,max,0.4953179997373013
12,lpjml_gswp3,max,0.15972540256369866
1,lpjml_princeton,max,0.12314193228088421
2,lpjml_princeton,max,0.07565523611388625
3,lpjml_princeton,max,0.023560255266569824
4,lpjml_princeton,max,0.24718795240257335
5,lpjml_princeton,max,0.6211634535756084
6,lpjml_princeton,max,1.033367459114236
7,lpjml_princeton,max,1.6730825814350196
8,lpjml_princeton,max,3.710331611553665
9,lpjml_princeton,max,2.274523894803729
10,lpjml_princeton,max,1.8706980816392664
11,lpjml_princeton,max,0.8136644951322932
12,lpjml_princeton,max,0.18409496172972856
1,lpjml_wfdei,max,0.30517627008494375
2,lpjml_wfdei,max,0.06319668774468519
3,lpjml_wfdei,max,0.028813466516075664
4,lpjml_wfdei,max,0.17455837132400145
5,lpjml_wfdei,max,0.7934541408117305
6,lpjml_wfdei,max,0.797895693592409
7,lpjml_wfdei,max,1.4068547294745333
8,lpjml_wfdei,max,1.6397048740450557
9,lpjml_wfdei,max,1.9808101693717153
10,lpjml_wfdei,max,1.4787984796033111
11,lpjml_wfdei,max,0.7294149973318639
12,lpjml_wfdei,max,0.25257260205981796
1,matsiro_gswp3,max,0.20187024044936752
2,matsiro_gswp3,max,0.07457022216094243
3,matsiro_gswp3,max,0.008733047164788144
4,matsiro_gswp3,max,0.2351426935788847
5,matsiro_gswp3,max,0.48352691751178206
6,matsiro_gswp3,max,0.024500797184886305
7,matsiro_gswp3,max,0.11538996351355571
8,matsiro_gswp3,max,0.4104508032070719
9,matsiro_gswp3,max,1.5374633936478144
10,matsiro_gswp3,max,1.433252090537213
11,matsiro_gswp3,max,0.49313422849390015
12,matsiro_gswp3,max,0.13339294245028543
1,matsiro_princeton,max,0.022650462604770927
2,matsiro_princeton,max,0.017026715612752714
3,matsiro_princeton,max,0.006609922781672238
4,matsiro_princeton,max,0.11414751069539009
5,matsiro_princeton,max,0.014397883792760096
6,matsiro_princeton,max,0.033496888677733254
7,matsiro_princeton,max,1.5150404120847945
8,matsiro_princeton,max,4.361996256909602
9,matsiro_princeton,max,2.7057944349225473
10,matsiro_princeton,max,2.075229135765509
11,matsiro_princeton,max,0.8615747382507182
12,matsiro_princeton,max,0.0732395230887182
1,matsiro_wfdei,max,0.08881182663039883
2,matsiro_wfdei,max,0.03876747531324496
3,matsiro_wfdei,max,0.020791317175985348
4,matsiro_wfdei,max,0.031648614345814396
5,matsiro_wfdei,max,0.1503444308241788
6,matsiro_wfdei,max,0.09344908420328832
7,matsiro_wfdei,max,1.7266860730894864
8,matsiro_wfdei,max,1.7036151674735804
9,matsiro_wfdei,max,2.2537326131132756
10,matsiro_wfdei,max,1.9679270345337603
11,matsiro_wfdei,max,1.0425586959803308
12,matsiro_wfdei,max,0.15761445597995302
1,pcr-globwb_gswp3,max,0.17939829720276326
2,pcr-globwb_gswp3,max,0.151522934540269
3,pcr-globwb_gswp3,max,0.13120339332744363
4,pcr-globwb_gswp3,max,0.11357778840383594
5,pcr-globwb_gswp3,max,0.2180182612499988
6,pcr-globwb_gswp3,max,0.3898293176962503
7,pcr-globwb_gswp3,max,1.0142961152008698
8,pcr-globwb_gswp3,max,0.8032653808797723
9,pcr-globwb_gswp3,max,1.0078276956716592
10,pcr-globwb_gswp3,max,1.0144169496969184
11,pcr-globwb_gswp3,max,0.42962892099657596
12,pcr-globwb_gswp3,max,0.21471733868664925
1,pcr-globwb_wfdei,max,0.16853451453025278
2,pcr-globwb_wfdei,max,0.1439479843018738
3,pcr-globwb_wfdei,max,0.12450497745853217
4,pcr-globwb_wfdei,max,0.10698162096213633
5,pcr-globwb_wfdei,max,0.18428135678844787
6,pcr-globwb_wfdei,max,0.3165895190728189
7,pcr-globwb_wfdei,max,0.9544951965824047
8,pcr-globwb_wfdei,max,0.7386258055121335
9,pcr-globwb_wfdei,max,0.9417846633684348
10,pcr-globwb_wfdei,max,0.9545280603591079
11,pcr-globwb_wfdei,max,0.3780440801464659
12,pcr-globwb_wfdei,max,0.20191377493405496
1,vegas_gswp3,max,0.06725373413383784
2,vegas_gswp3,max,0.025417350376922793
3,vegas_gswp3,max,0.01622579714378745
4,vegas_gswp3,max,0.024087930354773333
5,vegas_gswp3,max,0.17830218874408832
6,vegas_gswp3,max,0.48793992467351727
7,vegas_gswp3,max,1.0287888665617702
8,vegas_gswp3,max,1.2564239109537008
9,vegas_gswp3,max,1.616070516652075
10,vegas_gswp3,max,1.0677531197125822
11,vegas_gswp3,max,0.5788878777526717
12,vegas_gswp3,max,0.17970712519284915
1,vegas_wfdei,max,0.06903154867323064
2,vegas_wfdei,max,0.02796274715777105
3,vegas_wfdei,max,0.01395670229343718
4,vegas_wfdei,max,0.01860424870979336
5,vegas_wfdei,max,0.15444655353584738
6,vegas_wfdei,max,0.46306392233880905
7,vegas_wfdei,max,1.0797814844423035
8,vegas_wfdei,max,1.3336379221355352
9,vegas_wfdei,max,1.661225473299314
10,vegas_wfdei,max,1.0513412144372678
11,vegas_wfdei,max,0.5573536676896952
12,vegas_wfdei,max,0.175592976971176
1,vic_princeton,max,0.19471951347487718
2,vic_princeton,max,0.09049240469118133
3,vic_princeton,max,0.05364607846673134
4,vic_princeton,max,0.26868201460245256
5,vic_princeton,max,0.8783690632941028
6,vic_princeton,max,1.2639333708150127
7,vic_princeton,max,1.4301169396767757
8,vic_princeton,max,3.1638035315743682
9,vic_princeton,max,2.3066598590861527
10,vic_princeton,max,1.9685141739590042
11,vic_princeton,max,1.0425683146466829
12,vic_princeton,max,0.9713312693096094
1,watergap2_princeton,max,0.30139182584759144
2,watergap2_princeton,max,0.2830437856050163
3,watergap2_princeton,max,0.2669018599662227
4,watergap2_princeton,max,0.28367270611222717
5,watergap2_princeton,max,0.4950425986166778
6,watergap2_princeton,max,0.8263624706429701
7,watergap2_princeton,max,1.0024453838847085
8,watergap2_princeton,max,2.9833776568820607
9,watergap2_princeton,max,1.9859990390909181
10,watergap2_princeton,max,1.646114780020624
11,watergap2_princeton,max,1.1553788390686657
12,watergap2_princeton,max,0.35001792485001393
1,watergap2_wfdei,max,0.3244784619907607
2,watergap2_wfdei,max,0.3213328909084419
3,watergap2_wfdei,max,0.3184138260594568
4,watergap2_wfdei,max,0.31494913568201827
5,watergap2_wfdei,max,0.3659342794035916
6,watergap2_wfdei,max,0.3574873536427858
7,watergap2_wfdei,max,0.8668218543383863
8,watergap2_wfdei,max,1.3296923184793792
9,watergap2_wfdei,max,1.897718919311187
10,watergap2_wfdei,max,1.4864807213891236
11,watergap2_wfdei,max,0.7126839951752972
12,watergap2_wfdei,max,0.39279146615493776
1,LORA,max,0.3951307057728844
2,LORA,max,0.3166453273765494
3,LORA,max,0.26860857207707645
4,LORA,max,0.23076815418027416
5,LORA,max,0.2098857623446514
6,LORA,max,0.35944451845841224
7,LORA,max,0.6046602935782575
8,LORA,max,0.8361607522299541
9,LORA,max,1.172820420201995
10,LORA,max,1.0247603558401497
11,LORA,max,0.7409211933629958
12,LORA,max,0.5141084318357797
