Month,Prediction,Stat,Value
1,caraib_gswp3,min,0.003863602706020305
2,caraib_gswp3,min,9.73149812778523e-4
3,caraib_gswp3,min,3.5321691792416864e-4
4,caraib_gswp3,min,1.6720304975131783e-4
5,caraib_gswp3,min,0.0016624111507773066
6,caraib_gswp3,min,0.013032451152294112
7,caraib_gswp3,min,0.07872845352973515
8,caraib_gswp3,min,0.06745409074222325
9,caraib_gswp3,min,0.6053732283746535
10,caraib_gswp3,min,0.33977038654850633
11,caraib_gswp3,min,0.0691818888812598
12,caraib_gswp3,min,0.014658707377119655
1,caraib_princeton,min,0.0031095896962404874
2,caraib_princeton,min,6.609765071661866e-4
3,caraib_princeton,min,2.345061977892289e-4
4,caraib_princeton,min,2.2312361559884624e-4
5,caraib_princeton,min,0.001566707801859307
6,caraib_princeton,min,0.05935748921041703
7,caraib_princeton,min,1.7639552666172986
8,caraib_princeton,min,3.330225098285995
9,caraib_princeton,min,2.279284211477682
10,caraib_princeton,min,0.9533454224045135
11,caraib_princeton,min,0.134864096530105
12,caraib_princeton,min,0.017102114197667086
1,caraib_wfdei,min,0.005021330229939206
2,caraib_wfdei,min,0.0013765969867183866
3,caraib_wfdei,min,4.4760043245557714e-4
4,caraib_wfdei,min,3.0828719452298954e-4
5,caraib_wfdei,min,0.0021729627434536767
6,caraib_wfdei,min,0.02277636197830029
7,caraib_wfdei,min,0.2067760476161289
8,caraib_wfdei,min,0.1274902040958434
9,caraib_wfdei,min,1.1716656251768234
10,caraib_wfdei,min,0.3325588619569766
11,caraib_wfdei,min,0.07467682491307487
12,caraib_wfdei,min,0.020052762204260166
1,dbh_gswp3,min,0.6633249816903927
2,dbh_gswp3,min,0.2354871216863727
3,dbh_gswp3,min,0.1802940558989932
4,dbh_gswp3,min,0.23850600891755913
5,dbh_gswp3,min,0.854241122699959
6,dbh_gswp3,min,0.429731781213174
7,dbh_gswp3,min,0.39315658857671465
8,dbh_gswp3,min,0.2991686611259903
9,dbh_gswp3,min,0.47152323599603435
10,dbh_gswp3,min,0.30891168628320886
11,dbh_gswp3,min,0.2537883368595965
12,dbh_gswp3,min,0.20674852976031377
1,dbh_princeton,min,0.6821323900107368
2,dbh_princeton,min,0.24945861407872383
3,dbh_princeton,min,0.21296446860395363
4,dbh_princeton,min,0.2503483777956461
5,dbh_princeton,min,0.3079306292449818
6,dbh_princeton,min,0.8974007725941082
7,dbh_princeton,min,0.7043560513962095
8,dbh_princeton,min,1.6995665208066988
9,dbh_princeton,min,1.4252463637628754
10,dbh_princeton,min,1.0360557865948345
11,dbh_princeton,min,0.315951686612565
12,dbh_princeton,min,0.26536725940661066
1,dbh_wfdei,min,0.6782000672110702
2,dbh_wfdei,min,0.21579416264291523
3,dbh_wfdei,min,0.15810265021906839
4,dbh_wfdei,min,0.24382705147067316
5,dbh_wfdei,min,0.36515219431411694
6,dbh_wfdei,min,0.23275897799665396
7,dbh_wfdei,min,0.2622122160949805
8,dbh_wfdei,min,0.27658429415325153
9,dbh_wfdei,min,0.3680146376087736
10,dbh_wfdei,min,0.3267584876646329
11,dbh_wfdei,min,0.25977996445311957
12,dbh_wfdei,min,0.19462338636641602
1,dlem_gswp3,min,0.020741822675614342
2,dlem_gswp3,min,0.016541875239495664
3,dlem_gswp3,min,0.01374046154407588
4,dlem_gswp3,min,0.011431370722676418
5,dlem_gswp3,min,0.01613212378258834
6,dlem_gswp3,min,0.01191865423816121
7,dlem_gswp3,min,0.01502654641429344
8,dlem_gswp3,min,0.01626520799164687
9,dlem_gswp3,min,0.10715510741168426
10,dlem_gswp3,min,0.07797207273402845
11,dlem_gswp3,min,0.04501171682614477
12,dlem_gswp3,min,0.02701117228081012
1,dlem_princeton,min,0.08401450800353255
2,dlem_princeton,min,0.05698571951348923
3,dlem_princeton,min,0.03555429940401264
4,dlem_princeton,min,0.023610776668877204
5,dlem_princeton,min,0.023610682127771426
6,dlem_princeton,min,0.025588850420794684
7,dlem_princeton,min,0.2928644599129723
8,dlem_princeton,min,1.947245694007388
9,dlem_princeton,min,1.2448746714790024
10,dlem_princeton,min,0.883078408906372
11,dlem_princeton,min,0.23344792219051116
12,dlem_princeton,min,0.12753042382508742
1,dlem_wfdei,min,0.04367631623757201
2,dlem_wfdei,min,0.03260582879457621
3,dlem_wfdei,min,0.01923006622571155
4,dlem_wfdei,min,0.015440535220654328
5,dlem_wfdei,min,0.016080562933914473
6,dlem_wfdei,min,0.015013154769903874
7,dlem_wfdei,min,0.01895547461882691
8,dlem_wfdei,min,0.022937893947768077
9,dlem_wfdei,min,0.19039319854709263
10,dlem_wfdei,min,0.09565111802517037
11,dlem_wfdei,min,0.0947817780581843
12,dlem_wfdei,min,0.06140547784858865
1,h08_gswp3,min,0.0053785134483413264
2,h08_gswp3,min,6.838962502871725e-4
3,h08_gswp3,min,3.837966414293709e-5
4,h08_gswp3,min,3.162517833532793e-4
5,h08_gswp3,min,0.016909729743929354
6,h08_gswp3,min,0.1006190637822601
7,h08_gswp3,min,1.843973711908183
8,h08_gswp3,min,1.579911727084578
9,h08_gswp3,min,0.583362193271382
10,h08_gswp3,min,0.3176518318249519
11,h08_gswp3,min,0.09181741660770731
12,h08_gswp3,min,0.020165839785277924
1,h08_princeton,min,0.002174196500362077
2,h08_princeton,min,1.939781250824312e-4
3,h08_princeton,min,1.5767211396324104e-5
4,h08_princeton,min,0.001105792824523349
5,h08_princeton,min,0.02220307235318565
6,h08_princeton,min,0.15628411195367592
7,h08_princeton,min,2.22302715508877
8,h08_princeton,min,2.051322276522846
9,h08_princeton,min,1.490246091627112
10,h08_princeton,min,0.41997965136333465
11,h08_princeton,min,0.08865979234690899
12,h08_princeton,min,0.012390209011271046
1,lpjml_gswp3,min,0.004387496219435651
2,lpjml_gswp3,min,0.004516565161851786
3,lpjml_gswp3,min,0.005048249065563967
4,lpjml_gswp3,min,0.01096169287516903
5,lpjml_gswp3,min,0.23411001702392856
6,lpjml_gswp3,min,0.31702085343382097
7,lpjml_gswp3,min,0.285227545388603
8,lpjml_gswp3,min,0.1650599228551959
9,lpjml_gswp3,min,0.7481089890953091
10,lpjml_gswp3,min,0.32677995525382597
11,lpjml_gswp3,min,0.03792547077605825
12,lpjml_gswp3,min,0.005803351285324142
1,lpjml_princeton,min,0.014242928838188363
2,lpjml_princeton,min,0.010398250558557039
3,lpjml_princeton,min,0.01079021692333137
4,lpjml_princeton,min,0.023162629143693964
5,lpjml_princeton,min,0.1571746785449768
6,lpjml_princeton,min,1.0086134632511903
7,lpjml_princeton,min,1.3222929526773404
8,lpjml_princeton,min,2.265683691322688
9,lpjml_princeton,min,1.5056158037101528
10,lpjml_princeton,min,0.7177147519673972
11,lpjml_princeton,min,0.08908163762940338
12,lpjml_princeton,min,0.02693888035789789
1,lpjml_wfdei,min,0.005231119959228592
2,lpjml_wfdei,min,0.00555013465169484
3,lpjml_wfdei,min,0.006446463854374043
4,lpjml_wfdei,min,0.015851047256349934
5,lpjml_wfdei,min,0.20604838955679766
6,lpjml_wfdei,min,0.3500742045351142
7,lpjml_wfdei,min,0.35653986294869067
8,lpjml_wfdei,min,0.2672620776349402
9,lpjml_wfdei,min,0.8971029946673499
10,lpjml_wfdei,min,0.3609413212242637
11,lpjml_wfdei,min,0.08053653867450866
12,lpjml_wfdei,min,0.008864448680879166
1,matsiro_gswp3,min,0.046331106994504476
2,matsiro_gswp3,min,0.04328103087149457
3,matsiro_gswp3,min,0.040699666411586705
4,matsiro_gswp3,min,0.044583429685768686
5,matsiro_gswp3,min,0.04149873325096357
6,matsiro_gswp3,min,0.04173341018692721
7,matsiro_gswp3,min,0.0413777556987127
8,matsiro_gswp3,min,0.05088651912668407
9,matsiro_gswp3,min,0.05007970228981301
10,matsiro_gswp3,min,0.05005775707470328
11,matsiro_gswp3,min,0.05356364026612078
12,matsiro_gswp3,min,0.04823009434032053
1,matsiro_princeton,min,0.22821157736168507
2,matsiro_princeton,min,0.18248720119598633
3,matsiro_princeton,min,0.151495000583197
4,matsiro_princeton,min,0.14316646045010228
5,matsiro_princeton,min,0.1497127772123143
6,matsiro_princeton,min,0.15583306963902072
7,matsiro_princeton,min,0.13693519461565878
8,matsiro_princeton,min,0.2058249644794054
9,matsiro_princeton,min,1.2791999910644574
10,matsiro_princeton,min,0.9407696816713226
11,matsiro_princeton,min,0.375227102376459
12,matsiro_princeton,min,0.287708519449262
1,matsiro_wfdei,min,0.010804204034381747
2,matsiro_wfdei,min,0.013131215617733808
3,matsiro_wfdei,min,0.013941803904295825
4,matsiro_wfdei,min,0.01550300375854308
5,matsiro_wfdei,min,0.02344912994412056
6,matsiro_wfdei,min,0.021552515608291908
7,matsiro_wfdei,min,0.02317384068588819
8,matsiro_wfdei,min,0.06946369503877135
9,matsiro_wfdei,min,0.1741980616230051
10,matsiro_wfdei,min,0.08429611772325976
11,matsiro_wfdei,min,0.0992465918909582
12,matsiro_wfdei,min,0.057257285765536264
1,pcr-globwb_gswp3,min,0.12925861118689186
2,pcr-globwb_gswp3,min,0.11380974055720794
3,pcr-globwb_gswp3,min,0.08267279159164344
4,pcr-globwb_gswp3,min,0.08577326578482423
5,pcr-globwb_gswp3,min,0.14011663103430405
6,pcr-globwb_gswp3,min,0.15482028286170796
7,pcr-globwb_gswp3,min,0.21577483266146202
8,pcr-globwb_gswp3,min,0.23286319993298069
9,pcr-globwb_gswp3,min,0.42874078702744856
10,pcr-globwb_gswp3,min,0.5703154669817694
11,pcr-globwb_gswp3,min,0.2233420725907093
12,pcr-globwb_gswp3,min,0.19545151589107038
1,pcr-globwb_wfdei,min,0.1261677791604324
2,pcr-globwb_wfdei,min,0.1275641089355894
3,pcr-globwb_wfdei,min,0.07423603584962368
4,pcr-globwb_wfdei,min,0.07477231106845066
5,pcr-globwb_wfdei,min,0.13269376871853364
6,pcr-globwb_wfdei,min,0.13525294214994982
7,pcr-globwb_wfdei,min,0.19419645673263303
8,pcr-globwb_wfdei,min,0.21767935040529157
9,pcr-globwb_wfdei,min,0.40565746946456016
10,pcr-globwb_wfdei,min,0.5055912010840822
11,pcr-globwb_wfdei,min,0.2048559066091945
12,pcr-globwb_wfdei,min,0.15576541332506522
1,vegas_gswp3,min,0.005248903650892709
2,vegas_gswp3,min,0.002953963188593153
3,vegas_gswp3,min,0.0019579542522016797
4,vegas_gswp3,min,0.0026960485244120333
5,vegas_gswp3,min,0.009497056328809003
6,vegas_gswp3,min,0.026264497336088315
7,vegas_gswp3,min,0.05471219798598795
8,vegas_gswp3,min,0.09428770621717432
9,vegas_gswp3,min,0.4847500969708011
10,vegas_gswp3,min,0.18309381220544363
11,vegas_gswp3,min,0.024529795966855925
12,vegas_gswp3,min,0.007438194751896324
1,vegas_wfdei,min,0.004729756325916533
2,vegas_wfdei,min,0.001218123284828861
3,vegas_wfdei,min,6.280977434218647e-4
4,vegas_wfdei,min,0.0019939950850212133
5,vegas_wfdei,min,0.005359447250425646
6,vegas_wfdei,min,0.02186417903710087
7,vegas_wfdei,min,0.07602446369331066
8,vegas_wfdei,min,0.09501091455634843
9,vegas_wfdei,min,0.4205299709553364
10,vegas_wfdei,min,0.2130674577480658
11,vegas_wfdei,min,0.04396505737786339
12,vegas_wfdei,min,0.013018144164508529
1,vic_princeton,min,0.08101045988553586
2,vic_princeton,min,0.052984923072908204
3,vic_princeton,min,0.03902960810769519
4,vic_princeton,min,0.06529405086594077
5,vic_princeton,min,0.18228749700531388
6,vic_princeton,min,0.46732208139822495
7,vic_princeton,min,1.0895388078542632
8,vic_princeton,min,1.9970068898869449
9,vic_princeton,min,1.9453562207527522
10,vic_princeton,min,0.9189402660928101
11,vic_princeton,min,0.30499530823232124
12,vic_princeton,min,0.13748285229567295
1,watergap2_princeton,min,0.21424997891118105
2,watergap2_princeton,min,0.15104895123454426
3,watergap2_princeton,min,0.10361751039626751
4,watergap2_princeton,min,0.10001924421340527
5,watergap2_princeton,min,0.11039268977114185
6,watergap2_princeton,min,0.3588068324831736
7,watergap2_princeton,min,1.1961744112689743
8,watergap2_princeton,min,1.6023082072323547
9,watergap2_princeton,min,1.3675246743786462
10,watergap2_princeton,min,0.7745349874513021
11,watergap2_princeton,min,0.4859490379226526
12,watergap2_princeton,min,0.3535241136177126
1,watergap2_wfdei,min,0.15631604162898216
2,watergap2_wfdei,min,0.10406967752234303
3,watergap2_wfdei,min,0.06565468210978184
4,watergap2_wfdei,min,0.0607748293198275
5,watergap2_wfdei,min,0.19068922159266044
6,watergap2_wfdei,min,0.34109885025181286
7,watergap2_wfdei,min,1.4022042450169068
8,watergap2_wfdei,min,1.374315227882198
9,watergap2_wfdei,min,1.150620395455489
10,watergap2_wfdei,min,0.6518861930528421
11,watergap2_wfdei,min,0.3235977626059051
12,watergap2_wfdei,min,0.23475792676821336
1,LORA,min,0.5349453409741567
2,LORA,min,0.392653785956083
3,LORA,min,0.2963506637134771
4,LORA,min,0.2505518199708677
5,LORA,min,0.32432538060210236
6,LORA,min,0.1727274882618915
7,LORA,min,0.4368900071261898
8,LORA,min,0.9045976083305317
9,LORA,min,1.5304836574590919
10,LORA,min,1.583794084786101
11,LORA,min,1.3222210812823405
12,LORA,min,0.9766006170153346
1,caraib_gswp3,mean,0.034281786688920034
2,caraib_gswp3,mean,0.006166701526432421
3,caraib_gswp3,mean,0.006127528517220358
4,caraib_gswp3,mean,0.04612940123340194
5,caraib_gswp3,mean,0.29393183645374205
6,caraib_gswp3,mean,0.5308340826469036
7,caraib_gswp3,mean,2.1484872692474517
8,caraib_gswp3,mean,3.6381184580125248
9,caraib_gswp3,mean,2.8166579797926423
10,caraib_gswp3,mean,1.4077256156758302
11,caraib_gswp3,mean,0.47809187852273316
12,caraib_gswp3,mean,0.1184095483440248
1,caraib_princeton,mean,0.021406179404833487
2,caraib_princeton,mean,0.0025929423563805687
3,caraib_princeton,mean,6.914438365193006e-4
4,caraib_princeton,mean,0.04038987596700938
5,caraib_princeton,mean,0.3434793452294063
6,caraib_princeton,mean,2.059963235896278
7,caraib_princeton,mean,4.235749712773026
8,caraib_princeton,mean,6.34487030496371
9,caraib_princeton,mean,4.829773363658749
10,caraib_princeton,mean,2.959459091225626
11,caraib_princeton,mean,1.0396447173305374
12,caraib_princeton,mean,0.13968408417222208
1,caraib_wfdei,mean,0.06241562217627774
2,caraib_wfdei,mean,0.013858817566077838
3,caraib_wfdei,mean,0.004009152302444751
4,caraib_wfdei,mean,0.008952243517023693
5,caraib_wfdei,mean,0.24886321845520468
6,caraib_wfdei,mean,1.0130236199399396
7,caraib_wfdei,mean,3.028342064348072
8,caraib_wfdei,mean,4.237971041626785
9,caraib_wfdei,mean,3.3613133325392006
10,caraib_wfdei,mean,1.7318169399370822
11,caraib_wfdei,mean,0.7007207355252181
12,caraib_wfdei,mean,0.18530111855167056
1,dbh_gswp3,mean,0.9097561942129112
2,dbh_gswp3,mean,0.421069183231663
3,dbh_gswp3,mean,0.40512435070923575
4,dbh_gswp3,mean,0.8704253527731602
5,dbh_gswp3,mean,2.332282448992786
6,dbh_gswp3,mean,1.4845925882300546
7,dbh_gswp3,mean,2.123383478570855
8,dbh_gswp3,mean,1.8215471088678308
9,dbh_gswp3,mean,1.4542581467119173
10,dbh_gswp3,mean,1.0725387180610861
11,dbh_gswp3,mean,0.7598920158165172
12,dbh_gswp3,mean,0.3924797233401563
1,dbh_princeton,mean,0.8458786044760651
2,dbh_princeton,mean,0.33723671057155596
3,dbh_princeton,mean,0.36508516951581704
4,dbh_princeton,mean,0.8154929608928048
5,dbh_princeton,mean,2.511080711384796
6,dbh_princeton,mean,2.693344923573216
7,dbh_princeton,mean,3.321103109594998
8,dbh_princeton,mean,4.5528750853241435
9,dbh_princeton,mean,3.558834680785772
10,dbh_princeton,mean,2.1499851817484945
11,dbh_princeton,mean,1.3840924369672294
12,dbh_princeton,mean,0.4763450908250861
1,dbh_wfdei,mean,0.9394342711114219
2,dbh_wfdei,mean,0.4150894649081142
3,dbh_wfdei,mean,0.40683820353997896
4,dbh_wfdei,mean,0.7755283800374896
5,dbh_wfdei,mean,1.9006222491548415
6,dbh_wfdei,mean,1.4416087092792835
7,dbh_wfdei,mean,2.182605770112656
8,dbh_wfdei,mean,2.1269215868035
9,dbh_wfdei,mean,1.6661561525490858
10,dbh_wfdei,mean,1.116351837323787
11,dbh_wfdei,mean,0.782336953522472
12,dbh_wfdei,mean,0.4128299140233139
1,dlem_gswp3,mean,0.11066114397675009
2,dlem_gswp3,mean,0.07771820009781262
3,dlem_gswp3,mean,0.05765789822664154
4,dlem_gswp3,mean,0.07686139089240077
5,dlem_gswp3,mean,0.2833834980791472
6,dlem_gswp3,mean,0.09474581054480355
7,dlem_gswp3,mean,0.3067971615191298
8,dlem_gswp3,mean,1.6741480179298776
9,dlem_gswp3,mean,1.9290144212415772
10,dlem_gswp3,mean,1.183843169106019
11,dlem_gswp3,mean,0.529473471394751
12,dlem_gswp3,mean,0.18874598248015437
1,dlem_princeton,mean,0.13186829127236596
2,dlem_princeton,mean,0.09836764280110423
3,dlem_princeton,mean,0.0633586348785012
4,dlem_princeton,mean,0.07478312551333421
5,dlem_princeton,mean,0.29878585567121163
6,dlem_princeton,mean,0.7725678891302706
7,dlem_princeton,mean,2.9759512688141854
8,dlem_princeton,mean,4.342110582487037
9,dlem_princeton,mean,3.268515861840381
10,dlem_princeton,mean,2.290024352661501
11,dlem_princeton,mean,1.1089762247520274
12,dlem_princeton,mean,0.30111138994002895
1,dlem_wfdei,mean,0.12495531576292077
2,dlem_wfdei,mean,0.084740955680825
3,dlem_wfdei,mean,0.06115457435290566
4,dlem_wfdei,mean,0.04558261791209711
5,dlem_wfdei,mean,0.06725986777969949
6,dlem_wfdei,mean,0.0728381750979027
7,dlem_wfdei,mean,0.4193410220085721
8,dlem_wfdei,mean,1.9010762433337758
9,dlem_wfdei,mean,2.3011199167586542
10,dlem_wfdei,mean,1.3091769158992559
11,dlem_wfdei,mean,0.608848100320718
12,dlem_wfdei,mean,0.2241356238777988
1,h08_gswp3,mean,0.045411202344986766
2,h08_gswp3,mean,0.010362822403999362
3,h08_gswp3,mean,0.0037539438270321537
4,h08_gswp3,mean,0.01124335780515966
5,h08_gswp3,mean,0.3858361577288066
6,h08_gswp3,mean,1.1868562490206453
7,h08_gswp3,mean,3.464001831964886
8,h08_gswp3,mean,3.9780179378841365
9,h08_gswp3,mean,2.8568914672490338
10,h08_gswp3,mean,1.1486841370082583
11,h08_gswp3,mean,0.3716914210748767
12,h08_gswp3,mean,0.11078067603386164
1,h08_princeton,mean,0.014322050803818733
2,h08_princeton,mean,0.0024365221385082994
3,h08_princeton,mean,0.0014066557442981259
4,h08_princeton,mean,0.009006863911037957
5,h08_princeton,mean,0.7101581261010904
6,h08_princeton,mean,3.141340123477147
7,h08_princeton,mean,4.707586330973239
8,h08_princeton,mean,6.299359158272693
9,h08_princeton,mean,4.342831642103692
10,h08_princeton,mean,2.267399236205175
11,h08_princeton,mean,0.6503465981578451
12,h08_princeton,mean,0.08852072330987804
1,lpjml_gswp3,mean,0.0474788098600648
2,lpjml_gswp3,mean,0.03454365429283703
3,lpjml_gswp3,mean,0.048488412595562316
4,lpjml_gswp3,mean,0.23592658778465286
5,lpjml_gswp3,mean,1.0673862512158507
6,lpjml_gswp3,mean,1.2258915561072217
7,lpjml_gswp3,mean,2.0586728146533537
8,lpjml_gswp3,mean,2.949199061592367
9,lpjml_gswp3,mean,2.4758297110536636
10,lpjml_gswp3,mean,1.120893306739237
11,lpjml_gswp3,mean,0.46102665161372397
12,lpjml_gswp3,mean,0.08943267764235065
1,lpjml_princeton,mean,0.06722868447082044
2,lpjml_princeton,mean,0.027217565433863635
3,lpjml_princeton,mean,0.036531464309231314
4,lpjml_princeton,mean,0.17491645141117995
5,lpjml_princeton,mean,1.3158289752044317
6,lpjml_princeton,mean,2.3241978508378542
7,lpjml_princeton,mean,3.4208551249731256
8,lpjml_princeton,mean,4.801318514967172
9,lpjml_princeton,mean,3.696664763290994
10,lpjml_princeton,mean,2.061575338301493
11,lpjml_princeton,mean,0.8297356295231385
12,lpjml_princeton,mean,0.1691238845243025
1,lpjml_wfdei,mean,0.09690227516928662
2,lpjml_wfdei,mean,0.04605954504961643
3,lpjml_wfdei,mean,0.05584182022039666
4,lpjml_wfdei,mean,0.22406584519626702
5,lpjml_wfdei,mean,1.059682524058048
6,lpjml_wfdei,mean,1.3358171758566513
7,lpjml_wfdei,mean,2.4665352723643417
8,lpjml_wfdei,mean,3.738651676171157
9,lpjml_wfdei,mean,3.1473067210412466
10,lpjml_wfdei,mean,1.5788602154690499
11,lpjml_wfdei,mean,0.7157690909204006
12,lpjml_wfdei,mean,0.21259139787186446
1,matsiro_gswp3,mean,0.31216085959857
2,matsiro_gswp3,mean,0.24915596970091147
3,matsiro_gswp3,mean,0.20820166405515889
4,matsiro_gswp3,mean,0.21296442251468323
5,matsiro_gswp3,mean,0.2638685693455228
6,matsiro_gswp3,mean,0.17985717225967623
7,matsiro_gswp3,mean,0.3143707110452025
8,matsiro_gswp3,mean,1.0462085807339967
9,matsiro_gswp3,mean,1.3054140186961476
10,matsiro_gswp3,mean,0.8129809662863942
11,matsiro_gswp3,mean,0.5729177950377098
12,matsiro_gswp3,mean,0.4168277738792149
1,matsiro_princeton,mean,0.3446955112105216
2,matsiro_princeton,mean,0.2637211563072964
3,matsiro_princeton,mean,0.21653463592120661
4,matsiro_princeton,mean,0.19134224339387704
5,matsiro_princeton,mean,0.23089315468241445
6,matsiro_princeton,mean,0.29433568467536486
7,matsiro_princeton,mean,1.5352326175392244
8,matsiro_princeton,mean,4.142941582055482
9,matsiro_princeton,mean,3.298379809260765
10,matsiro_princeton,mean,2.044621935261638
11,matsiro_princeton,mean,0.9654165832606709
12,matsiro_princeton,mean,0.49628839919924844
1,matsiro_wfdei,mean,0.39758779484147655
2,matsiro_wfdei,mean,0.29928461576895743
3,matsiro_wfdei,mean,0.25155836823077743
4,matsiro_wfdei,mean,0.22855095789688235
5,matsiro_wfdei,mean,0.23001029669851322
6,matsiro_wfdei,mean,0.27805977519001923
7,matsiro_wfdei,mean,0.7936121811238059
8,matsiro_wfdei,mean,2.182499584242889
9,matsiro_wfdei,mean,2.3540515697293696
10,matsiro_wfdei,mean,1.4367115356676332
11,matsiro_wfdei,mean,0.8770431742389428
12,matsiro_wfdei,mean,0.5439723478942213
1,pcr-globwb_gswp3,mean,0.39270063212399425
2,pcr-globwb_gswp3,mean,0.2772531386277816
3,pcr-globwb_gswp3,mean,0.21025746155401911
4,pcr-globwb_gswp3,mean,0.20175699480308854
5,pcr-globwb_gswp3,mean,0.42977182969340477
6,pcr-globwb_gswp3,mean,0.47472815307704663
7,pcr-globwb_gswp3,mean,0.5982671397855621
8,pcr-globwb_gswp3,mean,1.270628570440505
9,pcr-globwb_gswp3,mean,1.4544379973328707
10,pcr-globwb_gswp3,mean,1.2455782713624135
11,pcr-globwb_gswp3,mean,0.8266682190479789
12,pcr-globwb_gswp3,mean,0.5647512150823066
1,pcr-globwb_wfdei,mean,0.3639822016684496
2,pcr-globwb_wfdei,mean,0.25695153529959935
3,pcr-globwb_wfdei,mean,0.2013916877020588
4,pcr-globwb_wfdei,mean,0.19674780308524478
5,pcr-globwb_wfdei,mean,0.4024289722018133
6,pcr-globwb_wfdei,mean,0.43648114911744057
7,pcr-globwb_wfdei,mean,0.5258382917350723
8,pcr-globwb_wfdei,mean,1.1273947366992243
9,pcr-globwb_wfdei,mean,1.341162419832473
10,pcr-globwb_wfdei,mean,1.1583432519491224
11,pcr-globwb_wfdei,mean,0.7763224251417233
12,pcr-globwb_wfdei,mean,0.5291800144272407
1,vegas_gswp3,mean,0.042981799389888185
2,vegas_gswp3,mean,0.028295482630237706
3,vegas_gswp3,mean,0.01643143808113394
4,vegas_gswp3,mean,0.021687673775688032
5,vegas_gswp3,mean,0.13181089783828
6,vegas_gswp3,mean,0.4945727186090759
7,vegas_gswp3,mean,1.8773390372724277
8,vegas_gswp3,mean,2.872259267920254
9,vegas_gswp3,mean,2.0147712342437822
10,vegas_gswp3,mean,0.7964539529894468
11,vegas_gswp3,mean,0.24811626905380274
12,vegas_gswp3,mean,0.08008055613015418
1,vegas_wfdei,mean,0.034349417026616605
2,vegas_wfdei,mean,0.018319083299998117
3,vegas_wfdei,mean,0.011255201685082624
4,vegas_wfdei,mean,0.01890519827763458
5,vegas_wfdei,mean,0.12892083726410783
6,vegas_wfdei,mean,0.5252732053472857
7,vegas_wfdei,mean,2.0169298631569443
8,vegas_wfdei,mean,2.9888248808513116
9,vegas_wfdei,mean,2.0901421818182953
10,vegas_wfdei,mean,0.8575001080969668
11,vegas_wfdei,mean,0.290425274933798
12,vegas_wfdei,mean,0.08814974330121646
1,vic_princeton,mean,0.1863010242075584
2,vic_princeton,mean,0.12699636748642362
3,vic_princeton,mean,0.10952866040440709
4,vic_princeton,mean,0.2509700808210984
5,vic_princeton,mean,0.9496763939751571
6,vic_princeton,mean,1.2900892325313056
7,vic_princeton,mean,2.255633016975982
8,vic_princeton,mean,4.852428273264963
9,vic_princeton,mean,4.168409648796258
10,vic_princeton,mean,2.3654998582977194
11,vic_princeton,mean,1.1397521473477512
12,vic_princeton,mean,0.3319334244073035
1,watergap2_princeton,mean,0.3365044558674091
2,watergap2_princeton,mean,0.2432232102017639
3,watergap2_princeton,mean,0.17947381032959514
4,watergap2_princeton,mean,0.16244514917522726
5,watergap2_princeton,mean,0.9228165771669372
6,watergap2_princeton,mean,1.787560804610553
7,watergap2_princeton,mean,2.484604200039612
8,watergap2_princeton,mean,3.9292901994426197
9,watergap2_princeton,mean,3.047877721110014
10,watergap2_princeton,mean,2.013203623059703
11,watergap2_princeton,mean,1.0013247598899981
12,watergap2_princeton,mean,0.48689431731285426
1,watergap2_wfdei,mean,0.3529194254708061
2,watergap2_wfdei,mean,0.2612990603191886
3,watergap2_wfdei,mean,0.19375371186096138
4,watergap2_wfdei,mean,0.24551922602041282
5,watergap2_wfdei,mean,0.8642325795388828
6,watergap2_wfdei,mean,1.0916030351202661
7,watergap2_wfdei,mean,2.041934215206307
8,watergap2_wfdei,mean,2.855016288722282
9,watergap2_wfdei,mean,2.533043003768233
10,watergap2_wfdei,mean,1.4305709549732395
11,watergap2_wfdei,mean,0.8675773047716966
12,watergap2_wfdei,mean,0.5019115139308786
1,LORA,mean,1.0427439397561684
2,LORA,mean,0.779022733738731
3,LORA,mean,0.6197125076963329
4,LORA,mean,0.5252626970879277
5,LORA,mean,0.6384807253047797
6,LORA,mean,0.5590284669236458
7,LORA,mean,1.0107618955097266
8,LORA,mean,1.8998755170847184
9,LORA,mean,2.534368027958465
10,LORA,mean,2.173074960281284
11,LORA,mean,1.8922709082162699
12,LORA,mean,1.4734245205427445
1,caraib_gswp3,median,0.015547323795828173
2,caraib_gswp3,median,0.003350335968264875
3,caraib_gswp3,median,0.0010450483414706246
4,caraib_gswp3,median,0.0010776968985027045
5,caraib_gswp3,median,0.14198365694774767
6,caraib_gswp3,median,0.2958472043775854
7,caraib_gswp3,median,2.1872361832470455
8,caraib_gswp3,median,3.4324716597156875
9,caraib_gswp3,median,2.7575862714576216
10,caraib_gswp3,median,1.296912581254979
11,caraib_gswp3,median,0.4239734370821688
12,caraib_gswp3,median,0.07544116290022043
1,caraib_princeton,median,0.013348186147327776
2,caraib_princeton,median,0.002135608113286476
3,caraib_princeton,median,6.160462390689392e-4
4,caraib_princeton,median,0.0011442188468157616
5,caraib_princeton,median,0.16202735907549654
6,caraib_princeton,median,1.9660072933178219
7,caraib_princeton,median,4.094051687609991
8,caraib_princeton,median,5.972062738589781
9,caraib_princeton,median,4.665061178144127
10,caraib_princeton,median,2.5911615271886976
11,caraib_princeton,median,0.8570885289684322
12,caraib_princeton,median,0.1068210308319383
1,caraib_wfdei,median,0.030945932366283315
2,caraib_wfdei,median,0.007411848521399011
3,caraib_wfdei,median,0.0027843216309059718
4,caraib_wfdei,median,0.002965749742918809
5,caraib_wfdei,median,0.08755945033455852
6,caraib_wfdei,median,0.8050372614091732
7,caraib_wfdei,median,2.8026174297723014
8,caraib_wfdei,median,4.247074726426076
9,caraib_wfdei,median,3.4665301966145607
10,caraib_wfdei,median,1.7462203080460579
11,caraib_wfdei,median,0.657752833233628
12,caraib_wfdei,median,0.11864078824448969
1,dbh_gswp3,median,0.8265334863634246
2,dbh_gswp3,median,0.356439664468728
3,dbh_gswp3,median,0.33048624138573496
4,dbh_gswp3,median,0.7052536663274434
5,dbh_gswp3,median,2.3225488638901695
6,dbh_gswp3,median,1.519889592456865
7,dbh_gswp3,median,0.990382516317324
8,dbh_gswp3,median,1.5545026518644685
9,dbh_gswp3,median,1.3691188211418837
10,dbh_gswp3,median,0.7766862776859169
11,dbh_gswp3,median,0.5306796953402932
12,dbh_gswp3,median,0.3422338709972962
1,dbh_princeton,median,0.7591465351491056
2,dbh_princeton,median,0.3134067725846183
3,dbh_princeton,median,0.33377501351993566
4,dbh_princeton,median,0.7006076803421901
5,dbh_princeton,median,2.3904111729768314
6,dbh_princeton,median,2.640121022849897
7,dbh_princeton,median,3.32498317868608
8,dbh_princeton,median,4.071004548565002
9,dbh_princeton,median,3.2031406922453627
10,dbh_princeton,median,2.0319235135297147
11,dbh_princeton,median,1.0208936810284688
12,dbh_princeton,median,0.3686921330440748
1,dbh_wfdei,median,0.8505920808274338
2,dbh_wfdei,median,0.3773466099458118
3,dbh_wfdei,median,0.35334212915750524
4,dbh_wfdei,median,0.7068890605408901
5,dbh_wfdei,median,1.8960635518272948
6,dbh_wfdei,median,1.2330514501925764
7,dbh_wfdei,median,1.8092071370215799
8,dbh_wfdei,median,1.8361583358797975
9,dbh_wfdei,median,1.5504170556370238
10,dbh_wfdei,median,1.007775353955094
11,dbh_wfdei,median,0.6166581343151349
12,dbh_wfdei,median,0.37700771288116813
1,dlem_gswp3,median,0.1118502174975158
2,dlem_gswp3,median,0.0806999941944412
3,dlem_gswp3,median,0.05801574905301782
4,dlem_gswp3,median,0.039157827361848196
5,dlem_gswp3,median,0.13534783884481982
6,dlem_gswp3,median,0.036757655649410484
7,dlem_gswp3,median,0.11875453399259851
8,dlem_gswp3,median,1.0979270975147228
9,dlem_gswp3,median,1.6535966253905348
10,dlem_gswp3,median,1.1593347028693897
11,dlem_gswp3,median,0.5067109369568772
12,dlem_gswp3,median,0.17611769750245768
1,dlem_princeton,median,0.12610425973162648
2,dlem_princeton,median,0.08984587273674886
3,dlem_princeton,median,0.06711920100298224
4,dlem_princeton,median,0.0464170398009614
5,dlem_princeton,median,0.08315245910749924
6,dlem_princeton,median,0.4055011109372911
7,dlem_princeton,median,2.8497200402848843
8,dlem_princeton,median,3.9532727337934777
9,dlem_princeton,median,3.0545248540810164
10,dlem_princeton,median,1.962011219825539
11,dlem_princeton,median,0.8457397735816894
12,dlem_princeton,median,0.23242767690199487
1,dlem_wfdei,median,0.12384268203144927
2,dlem_wfdei,median,0.09020556170912522
3,dlem_wfdei,median,0.06464179130780524
4,dlem_wfdei,median,0.04255486506892621
5,dlem_wfdei,median,0.034775053498092956
6,dlem_wfdei,median,0.03744806851620935
7,dlem_wfdei,median,0.28806721451371087
8,dlem_wfdei,median,1.7709476800563209
9,dlem_wfdei,median,2.312883850833325
10,dlem_wfdei,median,1.1558526772159143
11,dlem_wfdei,median,0.5833101926612829
12,dlem_wfdei,median,0.20221795972362677
1,h08_gswp3,median,0.025674706810931654
2,h08_gswp3,median,0.005395560698753677
3,h08_gswp3,median,8.460463778355439e-4
4,h08_gswp3,median,0.007390833742010976
5,h08_gswp3,median,0.14243267441133634
6,h08_gswp3,median,0.8071291771058655
7,h08_gswp3,median,3.4000578545919193
8,h08_gswp3,median,3.899659523493339
9,h08_gswp3,median,2.867423058477261
10,h08_gswp3,median,0.8354647517294667
11,h08_gswp3,median,0.2516302919657767
12,h08_gswp3,median,0.09287317923108993
1,h08_princeton,median,0.01180152236551725
2,h08_princeton,median,0.0010357715077773276
3,h08_princeton,median,5.389444322113394e-4
4,h08_princeton,median,0.006106427795514345
5,h08_princeton,median,0.2860361467898579
6,h08_princeton,median,3.0468732279449258
7,h08_princeton,median,4.652489887949551
8,h08_princeton,median,5.963215752494941
9,h08_princeton,median,4.1006533520763675
10,h08_princeton,median,1.783450133230864
11,h08_princeton,median,0.3219523132997957
12,h08_princeton,median,0.09312167987583773
1,lpjml_gswp3,median,0.021897818004712973
2,lpjml_gswp3,median,0.0161571586795447
3,lpjml_gswp3,median,0.0177555794533808
4,lpjml_gswp3,median,0.18945054803391076
5,lpjml_gswp3,median,1.0424378865437922
6,lpjml_gswp3,median,1.175841470568653
7,lpjml_gswp3,median,2.0761703454912244
8,lpjml_gswp3,median,2.580053826158789
9,lpjml_gswp3,median,2.4768578914214103
10,lpjml_gswp3,median,1.0649441686014962
11,lpjml_gswp3,median,0.3924008943158563
12,lpjml_gswp3,median,0.05882045997029871
1,lpjml_princeton,median,0.0354791922502201
2,lpjml_princeton,median,0.020226325566675273
3,lpjml_princeton,median,0.022433852511431915
4,lpjml_princeton,median,0.15085120082317371
5,lpjml_princeton,median,1.1917991420274663
6,lpjml_princeton,median,2.1016427785544463
7,lpjml_princeton,median,3.315742426817935
8,lpjml_princeton,median,4.398101504510535
9,lpjml_princeton,median,3.4221658152519088
10,lpjml_princeton,median,1.7580205430492413
11,lpjml_princeton,median,0.6553870684896531
12,lpjml_princeton,median,0.1157766522960658
1,lpjml_wfdei,median,0.045531462458749644
2,lpjml_wfdei,median,0.032026015960955286
3,lpjml_wfdei,median,0.026079700611545402
4,lpjml_wfdei,median,0.15110606480358046
5,lpjml_wfdei,median,1.0653231957787985
6,lpjml_wfdei,median,1.2918447871072658
7,lpjml_wfdei,median,2.293052454388783
8,lpjml_wfdei,median,3.6326083312727557
9,lpjml_wfdei,median,3.2360635037207848
10,lpjml_wfdei,median,1.4412104561375398
11,lpjml_wfdei,median,0.6139604431164771
12,lpjml_wfdei,median,0.1831522252485484
1,matsiro_gswp3,median,0.3078802867236021
2,matsiro_gswp3,median,0.26415189861057403
3,matsiro_gswp3,median,0.21798058784833918
4,matsiro_gswp3,median,0.19334858567600796
5,matsiro_gswp3,median,0.20860655630198147
6,matsiro_gswp3,median,0.16952836736763585
7,matsiro_gswp3,median,0.2728055434794303
8,matsiro_gswp3,median,0.7090911350016545
9,matsiro_gswp3,median,1.1703723897374094
10,matsiro_gswp3,median,0.742793550304016
11,matsiro_gswp3,median,0.5808943884200879
12,matsiro_gswp3,median,0.43126297527883667
1,matsiro_princeton,median,0.3212212431490889
2,matsiro_princeton,median,0.2663400206440564
3,matsiro_princeton,median,0.21322783521480776
4,matsiro_princeton,median,0.19227648234428202
5,matsiro_princeton,median,0.2031072453292928
6,matsiro_princeton,median,0.21539218900743895
7,matsiro_princeton,median,1.0028548727871636
8,matsiro_princeton,median,4.010677471339238
9,matsiro_princeton,median,3.0373175471389784
10,matsiro_princeton,median,1.7724424263316214
11,matsiro_princeton,median,0.8035300902512987
12,matsiro_princeton,median,0.5015528728055685
1,matsiro_wfdei,median,0.4198830307775762
2,matsiro_wfdei,median,0.31652789056394315
3,matsiro_wfdei,median,0.2738989064126949
4,matsiro_wfdei,median,0.2426812469656412
5,matsiro_wfdei,median,0.23565800285934072
6,matsiro_wfdei,median,0.23870164585392256
7,matsiro_wfdei,median,0.6253099883006943
8,matsiro_wfdei,median,1.6616104761448107
9,matsiro_wfdei,median,2.364584652012944
10,matsiro_wfdei,median,1.2286091942444186
11,matsiro_wfdei,median,0.8069897179176562
12,matsiro_wfdei,median,0.5643210080418067
1,pcr-globwb_gswp3,median,0.3899363677590291
2,pcr-globwb_gswp3,median,0.28034198105952013
3,pcr-globwb_gswp3,median,0.20312559530942403
4,pcr-globwb_gswp3,median,0.18828962937927618
5,pcr-globwb_gswp3,median,0.3949614914228649
6,pcr-globwb_gswp3,median,0.4270067099751057
7,pcr-globwb_gswp3,median,0.5050305393477211
8,pcr-globwb_gswp3,median,1.1663135797679614
9,pcr-globwb_gswp3,median,1.4940710900005283
10,pcr-globwb_gswp3,median,1.1844674975446763
11,pcr-globwb_gswp3,median,0.8475283828313669
12,pcr-globwb_gswp3,median,0.6016201403351449
1,pcr-globwb_wfdei,median,0.35534161970457623
2,pcr-globwb_wfdei,median,0.25169389190079416
3,pcr-globwb_wfdei,median,0.18834724971816103
4,pcr-globwb_wfdei,median,0.1949452143140693
5,pcr-globwb_wfdei,median,0.3555334308397534
6,pcr-globwb_wfdei,median,0.38092535007919537
7,pcr-globwb_wfdei,median,0.4460514424612272
8,pcr-globwb_wfdei,median,0.9514291567752633
9,pcr-globwb_wfdei,median,1.346834816535866
10,pcr-globwb_wfdei,median,1.112360553372648
11,pcr-globwb_wfdei,median,0.7830774407617873
12,pcr-globwb_wfdei,median,0.5652036823149518
1,vegas_gswp3,median,0.03740758551944013
2,vegas_gswp3,median,0.024416740371461108
3,vegas_gswp3,median,0.014099611234608067
4,vegas_gswp3,median,0.01422995590513068
5,vegas_gswp3,median,0.08965056438534996
6,vegas_gswp3,median,0.27637395246494934
7,vegas_gswp3,median,1.7550879679408
8,vegas_gswp3,median,2.7839493655028997
9,vegas_gswp3,median,2.071467860924156
10,vegas_gswp3,median,0.7462540250281631
11,vegas_gswp3,median,0.2429775548465084
12,vegas_gswp3,median,0.06812274608522892
1,vegas_wfdei,median,0.029956269940648338
2,vegas_wfdei,median,0.015951638198677502
3,vegas_wfdei,median,0.009316679440390226
4,vegas_wfdei,median,0.013638606520760578
5,vegas_wfdei,median,0.08436679333466068
6,vegas_wfdei,median,0.3131497432207786
7,vegas_wfdei,median,1.867701275806703
8,vegas_wfdei,median,2.9302028447122668
9,vegas_wfdei,median,2.1871717978229057
10,vegas_wfdei,median,0.7690770282262593
11,vegas_wfdei,median,0.2882146724705523
12,vegas_wfdei,median,0.07247316098235593
1,vic_princeton,median,0.16920370568155557
2,vic_princeton,median,0.11794922998317775
3,vic_princeton,median,0.10168115651855485
4,vic_princeton,median,0.23439636947938466
5,vic_princeton,median,0.827163913798936
6,vic_princeton,median,1.2858337396292692
7,vic_princeton,median,1.9863396985162765
8,vic_princeton,median,3.989666923387368
9,vic_princeton,median,3.851318526937963
10,vic_princeton,median,2.1311840345154414
11,vic_princeton,median,0.8816008094084538
12,vic_princeton,median,0.29251396461167856
1,watergap2_princeton,median,0.34765960674732976
2,watergap2_princeton,median,0.25188614142606014
3,watergap2_princeton,median,0.183326245677646
4,watergap2_princeton,median,0.15555762912248275
5,watergap2_princeton,median,0.7307798412900333
6,watergap2_princeton,median,1.5219727979149016
7,watergap2_princeton,median,2.4654171504625793
8,watergap2_princeton,median,3.63451459446851
9,watergap2_princeton,median,2.848038443817045
10,watergap2_princeton,median,1.7918856143179516
11,watergap2_princeton,median,0.8355734773408688
12,watergap2_princeton,median,0.4893425655871747
1,watergap2_wfdei,median,0.34658787865687546
2,watergap2_wfdei,median,0.24690745624237256
3,watergap2_wfdei,median,0.20459410081679358
4,watergap2_wfdei,median,0.18917845272420508
5,watergap2_wfdei,median,0.7477298925970436
6,watergap2_wfdei,median,0.9307293547647664
7,watergap2_wfdei,median,1.8943363320548006
8,watergap2_wfdei,median,2.9333351873978817
9,watergap2_wfdei,median,2.449900956322452
10,watergap2_wfdei,median,1.25761906603349
11,watergap2_wfdei,median,0.7968810263109205
12,watergap2_wfdei,median,0.5082256259619449
1,LORA,median,1.0907454050384093
2,LORA,median,0.8129498511037772
3,LORA,median,0.6436714594627353
4,LORA,median,0.5248851624214306
5,LORA,median,0.6084323276208708
6,LORA,median,0.5635951572917384
7,LORA,median,0.9676753409792874
8,LORA,median,1.8756869313081759
9,LORA,median,2.4066476206749257
10,LORA,median,2.0854111977356364
11,LORA,median,1.9548043065344347
12,LORA,median,1.473786878798064
1,caraib_gswp3,max,0.32186855903231515
2,caraib_gswp3,max,0.07390082241427548
3,caraib_gswp3,max,0.18727058049902331
4,caraib_gswp3,max,0.5015906220969125
5,caraib_gswp3,max,1.2791984358837791
6,caraib_gswp3,max,2.861574225602986
7,caraib_gswp3,max,4.631466789791142
8,caraib_gswp3,max,6.778389542226454
9,caraib_gswp3,max,5.504654107661208
10,caraib_gswp3,max,3.3585729961940975
11,caraib_gswp3,max,2.306623693640546
12,caraib_gswp3,max,0.7727621551871898
1,caraib_princeton,max,0.22304845906967863
2,caraib_princeton,max,0.011075692946100541
3,caraib_princeton,max,0.0015240520798951909
4,caraib_princeton,max,0.4279622203027811
5,caraib_princeton,max,1.9493845263899594
6,caraib_princeton,max,4.438605318753648
7,caraib_princeton,max,8.449245244469097
8,caraib_princeton,max,16.602872914971535
9,caraib_princeton,max,7.9061631952773155
10,caraib_princeton,max,6.549226654688024
11,caraib_princeton,max,5.349480660997731
12,caraib_princeton,max,0.9022148464280806
1,caraib_wfdei,max,0.5059830073986356
2,caraib_wfdei,max,0.15752529533424908
3,caraib_wfdei,max,0.014801347189567136
4,caraib_wfdei,max,0.13215776044250943
5,caraib_wfdei,max,1.5888541756558054
6,caraib_wfdei,max,4.226523910689999
7,caraib_wfdei,max,6.703379164813302
8,caraib_wfdei,max,7.216604263553554
9,caraib_wfdei,max,5.1019214616366435
10,caraib_wfdei,max,3.837269976982366
11,caraib_wfdei,max,2.770180280015203
12,caraib_wfdei,max,1.0109889918990522
1,dbh_gswp3,max,1.9593036734908043
2,dbh_gswp3,max,0.946901662106596
3,dbh_gswp3,max,1.3483081030616204
4,dbh_gswp3,max,2.400170924959997
5,dbh_gswp3,max,5.452714235348214
6,dbh_gswp3,max,3.438734715056849
7,dbh_gswp3,max,6.467742727367581
8,dbh_gswp3,max,5.222285235862711
9,dbh_gswp3,max,3.1446018777328506
10,dbh_gswp3,max,2.3954588087319677
11,dbh_gswp3,max,2.7439792194247357
12,dbh_gswp3,max,1.340847164251778
1,dbh_princeton,max,1.7054838277154183
2,dbh_princeton,max,0.46788558309101347
3,dbh_princeton,max,0.6912800303289861
4,dbh_princeton,max,1.9806043705627088
5,dbh_princeton,max,6.114431256676474
6,dbh_princeton,max,6.704044082271327
7,dbh_princeton,max,5.665633889223611
8,dbh_princeton,max,15.3760420104519
9,dbh_princeton,max,7.729743466441054
10,dbh_princeton,max,3.8008869582048526
11,dbh_princeton,max,6.048269377949522
12,dbh_princeton,max,1.5434012490262143
1,dbh_wfdei,max,2.26741860816
2,dbh_wfdei,max,0.7923215666971029
3,dbh_wfdei,max,1.230705594977329
4,dbh_wfdei,max,2.205517339935539
5,dbh_wfdei,max,4.779366586048207
6,dbh_wfdei,max,4.433196571015722
7,dbh_wfdei,max,6.249271159851511
8,dbh_wfdei,max,4.928943248244869
9,dbh_wfdei,max,3.893712639387822
10,dbh_wfdei,max,2.323232396038593
11,dbh_wfdei,max,2.493763512980556
12,dbh_wfdei,max,1.1796649677177933
1,dlem_gswp3,max,0.2110517731451113
2,dlem_gswp3,max,0.12770905016513617
3,dlem_gswp3,max,0.16010245232786208
4,dlem_gswp3,max,0.4930909924865137
5,dlem_gswp3,max,1.348829176823387
6,dlem_gswp3,max,0.6054125972593736
7,dlem_gswp3,max,1.7489421193839312
8,dlem_gswp3,max,6.2937477710214935
9,dlem_gswp3,max,4.320353962309344
10,dlem_gswp3,max,2.6430924042605257
11,dlem_gswp3,max,1.4736321755707755
12,dlem_gswp3,max,0.44462234099605324
1,dlem_princeton,max,0.2782039905093149
2,dlem_princeton,max,0.4646620314378566
3,dlem_princeton,max,0.08951581846057605
4,dlem_princeton,max,0.4245129629383127
5,dlem_princeton,max,1.9044186632476612
6,dlem_princeton,max,3.0113375744827056
7,dlem_princeton,max,5.467009807780033
8,dlem_princeton,max,12.585092508629662
9,dlem_princeton,max,6.847466388882966
10,dlem_princeton,max,5.637538293865333
11,dlem_princeton,max,4.320662042094582
12,dlem_princeton,max,0.8103676834193007
1,dlem_wfdei,max,0.42073606002765235
2,dlem_wfdei,max,0.1423883933420318
3,dlem_wfdei,max,0.09514554821555221
4,dlem_wfdei,max,0.184971581911548
5,dlem_wfdei,max,0.30550198179047333
6,dlem_wfdei,max,0.9850174203123047
7,dlem_wfdei,max,1.7890102616878936
8,dlem_wfdei,max,6.125004797555324
9,dlem_wfdei,max,4.8418432326678085
10,dlem_wfdei,max,2.8496522228366725
11,dlem_wfdei,max,1.3996443498436322
12,dlem_wfdei,max,0.5460776653353346
1,h08_gswp3,max,0.4109733677976873
2,h08_gswp3,max,0.09135648302434365
3,h08_gswp3,max,0.017857869724100372
4,h08_gswp3,max,0.03577766089654481
5,h08_gswp3,max,3.0520466970236226
6,h08_gswp3,max,5.676866831653148
7,h08_gswp3,max,6.632334693788292
8,h08_gswp3,max,6.85704983233322
9,h08_gswp3,max,5.478978990446519
10,h08_gswp3,max,3.0840092620168233
11,h08_gswp3,max,1.4149174791722043
12,h08_gswp3,max,0.40103177567343207
1,h08_princeton,max,0.04994275641211679
2,h08_princeton,max,0.01636403598815557
3,h08_princeton,max,0.005681115859359177
4,h08_princeton,max,0.04090261624509262
5,h08_princeton,max,3.018839000849928
6,h08_princeton,max,6.574494963538166
7,h08_princeton,max,7.2814690948466865
8,h08_princeton,max,17.603549186526607
9,h08_princeton,max,8.242654573905105
10,h08_princeton,max,5.512169610096853
11,h08_princeton,max,3.259686182623984
12,h08_princeton,max,0.19537502168612597
1,lpjml_gswp3,max,0.32080849145685186
2,lpjml_gswp3,max,0.19987949094501803
3,lpjml_gswp3,max,0.40359395986112834
4,lpjml_gswp3,max,0.7370172422600673
5,lpjml_gswp3,max,2.850075419472059
6,lpjml_gswp3,max,3.408232329949692
7,lpjml_gswp3,max,3.869273689071094
8,lpjml_gswp3,max,5.8950013956242735
9,lpjml_gswp3,max,4.013716294369187
10,lpjml_gswp3,max,2.5882244467647713
11,lpjml_gswp3,max,1.8969150890191446
12,lpjml_gswp3,max,0.4281778342353599
1,lpjml_princeton,max,0.29127651800318727
2,lpjml_princeton,max,0.12487106702361166
3,lpjml_princeton,max,0.13226482118707256
4,lpjml_princeton,max,0.5379009299281595
5,lpjml_princeton,max,2.886231142834582
6,lpjml_princeton,max,4.162211629583023
7,lpjml_princeton,max,6.393950329219074
8,lpjml_princeton,max,13.646029016745667
9,lpjml_princeton,max,6.7509759953009905
10,lpjml_princeton,max,5.0438537459598844
11,lpjml_princeton,max,3.5689300714040106
12,lpjml_princeton,max,0.7258640686072892
1,lpjml_wfdei,max,0.5530034318462296
2,lpjml_wfdei,max,0.24605978654159455
3,lpjml_wfdei,max,0.42079366127563683
4,lpjml_wfdei,max,0.7421745309247005
5,lpjml_wfdei,max,2.73081589100218
6,lpjml_wfdei,max,3.3673538946670036
7,lpjml_wfdei,max,5.678421164147721
8,lpjml_wfdei,max,6.8152127980839765
9,lpjml_wfdei,max,5.233684063875184
10,lpjml_wfdei,max,3.7191234262714934
11,lpjml_wfdei,max,2.168586496527955
12,lpjml_wfdei,max,0.5184168451184954
1,matsiro_gswp3,max,0.6479475857022183
2,matsiro_gswp3,max,0.5062265187621755
3,matsiro_gswp3,max,0.3253507109624005
4,matsiro_gswp3,max,0.6400616050680675
5,matsiro_gswp3,max,0.8725790662832476
6,matsiro_gswp3,max,0.38915637886448445
7,matsiro_gswp3,max,0.8805538602061769
8,matsiro_gswp3,max,3.708252650515763
9,matsiro_gswp3,max,3.0185003146801743
10,matsiro_gswp3,max,1.6458605473311447
11,matsiro_gswp3,max,1.056874869546481
12,matsiro_gswp3,max,0.7150451733418158
1,matsiro_princeton,max,0.5326561077307399
2,matsiro_princeton,max,0.35983137916028146
3,matsiro_princeton,max,0.2973758825652694
4,matsiro_princeton,max,0.2787423206514428
5,matsiro_princeton,max,1.177553465686207
6,matsiro_princeton,max,1.0305939859286453
7,matsiro_princeton,max,4.85487100046579
8,matsiro_princeton,max,12.439840544144445
9,matsiro_princeton,max,6.185593592494422
10,matsiro_princeton,max,4.794925798380193
11,matsiro_princeton,max,3.2579544347053737
12,matsiro_princeton,max,0.7948164050577191
1,matsiro_wfdei,max,0.8600966399192503
2,matsiro_wfdei,max,0.6922382671317383
3,matsiro_wfdei,max,0.4859700851178864
4,matsiro_wfdei,max,0.34717692627362107
5,matsiro_wfdei,max,0.39598056687152716
6,matsiro_wfdei,max,0.9041718987612624
7,matsiro_wfdei,max,2.900534210888197
8,matsiro_wfdei,max,5.678044276313645
9,matsiro_wfdei,max,5.04340737069924
10,matsiro_wfdei,max,3.0483772802679896
11,matsiro_wfdei,max,2.1899202158174393
12,matsiro_wfdei,max,0.9882457829424801
1,pcr-globwb_gswp3,max,0.688300683204443
2,pcr-globwb_gswp3,max,0.5439698482107888
3,pcr-globwb_gswp3,max,0.4029835309901202
4,pcr-globwb_gswp3,max,0.40824154782012373
5,pcr-globwb_gswp3,max,0.8711785961177316
6,pcr-globwb_gswp3,max,1.0479954747604512
7,pcr-globwb_gswp3,max,1.7747956394924764
8,pcr-globwb_gswp3,max,2.986609585856974
9,pcr-globwb_gswp3,max,2.5311413493757673
10,pcr-globwb_gswp3,max,1.9416620761853998
11,pcr-globwb_gswp3,max,1.265114663393831
12,pcr-globwb_gswp3,max,0.8918407052512667
1,pcr-globwb_wfdei,max,0.6730569283094533
2,pcr-globwb_wfdei,max,0.5355027388978812
3,pcr-globwb_wfdei,max,0.38953404472760567
4,pcr-globwb_wfdei,max,0.37722907861429666
5,pcr-globwb_wfdei,max,0.7934763211562637
6,pcr-globwb_wfdei,max,0.9835642797658677
7,pcr-globwb_wfdei,max,1.5852100848956363
8,pcr-globwb_wfdei,max,3.0963598340952005
9,pcr-globwb_wfdei,max,2.4356625929540137
10,pcr-globwb_wfdei,max,1.7728461351734366
11,pcr-globwb_wfdei,max,1.1876048493369225
12,pcr-globwb_wfdei,max,0.8728989337335478
1,vegas_gswp3,max,0.15958846320721404
2,vegas_gswp3,max,0.11200843252195147
3,vegas_gswp3,max,0.047308183692588816
4,vegas_gswp3,max,0.09215991367515125
5,vegas_gswp3,max,0.6126185807244123
6,vegas_gswp3,max,2.948654810612802
7,vegas_gswp3,max,4.157279291790541
8,vegas_gswp3,max,5.1274039258389355
9,vegas_gswp3,max,3.327846693310209
10,vegas_gswp3,max,1.7655736492052025
11,vegas_gswp3,max,1.0126461279047603
12,vegas_gswp3,max,0.3716782783693847
1,vegas_wfdei,max,0.11522005646829185
2,vegas_wfdei,max,0.08766177399602523
3,vegas_wfdei,max,0.0415330703722951
4,vegas_wfdei,max,0.07498115035802277
5,vegas_wfdei,max,0.6149846445770031
6,vegas_wfdei,max,2.9645984617884
7,vegas_wfdei,max,4.438413445340885
8,vegas_wfdei,max,5.247246404288101
9,vegas_wfdei,max,3.4874666124738365
10,vegas_wfdei,max,1.8651675819964812
11,vegas_wfdei,max,1.0914662293407413
12,vegas_wfdei,max,0.3717341951604333
1,vic_princeton,max,0.38385414955206165
2,vic_princeton,max,0.2216018491564103
3,vic_princeton,max,0.2459792865416732
4,vic_princeton,max,0.6415585818858018
5,vic_princeton,max,2.3672251857416926
6,vic_princeton,max,2.4777782596196385
7,vic_princeton,max,4.670054543992684
8,vic_princeton,max,14.66526904005396
9,vic_princeton,max,7.483239783755376
10,vic_princeton,max,4.738272057502197
11,vic_princeton,max,3.6127564568425226
12,vic_princeton,max,0.8016268054865732
1,watergap2_princeton,max,0.4788130699491721
2,watergap2_princeton,max,0.3254072056217267
3,watergap2_princeton,max,0.25602552208163476
4,watergap2_princeton,max,0.22546949668600527
5,watergap2_princeton,max,2.2485371049558314
6,watergap2_princeton,max,3.785215729658087
7,watergap2_princeton,max,3.9881650541236686
8,watergap2_princeton,max,11.634563351987412
9,watergap2_princeton,max,5.3659664426277
10,watergap2_princeton,max,4.164631520944724
11,watergap2_princeton,max,2.787337964253691
12,watergap2_princeton,max,0.7805306320801457
1,watergap2_wfdei,max,0.7171961984295813
2,watergap2_wfdei,max,0.5002336315494802
3,watergap2_wfdei,max,0.3033601617028255
4,watergap2_wfdei,max,0.5515660044019067
5,watergap2_wfdei,max,2.1801016370870236
6,watergap2_wfdei,max,3.1070683007773807
7,watergap2_wfdei,max,4.1126837773525775
8,watergap2_wfdei,max,4.553714289714845
9,watergap2_wfdei,max,4.255148226808778
10,watergap2_wfdei,max,2.9225535686506108
11,watergap2_wfdei,max,1.6336149411830558
12,watergap2_wfdei,max,0.7777665574284123
1,LORA,max,1.4038798153605343
2,LORA,max,1.1085700757293604
3,LORA,max,0.8960547455238883
4,LORA,max,0.7675342338007171
5,LORA,max,0.9538133803650841
6,LORA,max,1.1185735112983664
7,LORA,max,1.631494782340071
8,LORA,max,2.8228676971812936
9,LORA,max,4.330451657768899
10,LORA,max,3.2368843989261924
11,LORA,max,2.540574139923711
12,LORA,max,1.8799396584886763
