Month,Prediction,Stat,Value
1,caraib_gswp3,min,1.502443356420672e-4
2,caraib_gswp3,min,4.4393902481590415e-5
3,caraib_gswp3,min,1.7305274563011142e-5
4,caraib_gswp3,min,8.308084846688876e-6
5,caraib_gswp3,min,1.5597071036874733e-5
6,caraib_gswp3,min,4.55488805123077e-4
7,caraib_gswp3,min,0.0017761443656077623
8,caraib_gswp3,min,3.013621812279027e-4
9,caraib_gswp3,min,0.005216817206816315
10,caraib_gswp3,min,0.0066775265049659705
11,caraib_gswp3,min,0.00210807943059978
12,caraib_gswp3,min,4.3462154372811434e-4
1,caraib_princeton,min,7.978090836492852e-5
2,caraib_princeton,min,2.317722683610603e-5
3,caraib_princeton,min,9.288361000315698e-6
4,caraib_princeton,min,1.3330788239364586e-5
5,caraib_princeton,min,5.6778383070923355e-5
6,caraib_princeton,min,9.390271200955599e-5
7,caraib_princeton,min,0.016402643517866848
8,caraib_princeton,min,0.030204159516111093
9,caraib_princeton,min,0.02665186878389104
10,caraib_princeton,min,0.0075753040600134375
11,caraib_princeton,min,0.0015271929596670777
12,caraib_princeton,min,2.228915556447386e-4
1,caraib_wfdei,min,1.9081420232845074e-4
2,caraib_wfdei,min,6.332973891488157e-5
3,caraib_wfdei,min,1.946479394224277e-5
4,caraib_wfdei,min,9.448505569417485e-6
5,caraib_wfdei,min,2.5341601331250673e-5
6,caraib_wfdei,min,0.002130887737857681
7,caraib_wfdei,min,0.006153418251842657
8,caraib_wfdei,min,8.574991918430948e-4
9,caraib_wfdei,min,0.01708204401575892
10,caraib_wfdei,min,0.0047951040718759805
11,caraib_wfdei,min,0.0014131508516619926
12,caraib_wfdei,min,3.902179310146979e-4
1,dbh_gswp3,min,0.012234743168884243
2,dbh_gswp3,min,0.006522073036403287
3,dbh_gswp3,min,0.0050241393367556324
4,dbh_gswp3,min,0.005214271357332816
5,dbh_gswp3,min,0.005925149371699731
6,dbh_gswp3,min,0.00685566564779437
7,dbh_gswp3,min,0.006302056298960745
8,dbh_gswp3,min,0.006075047479958988
9,dbh_gswp3,min,0.004750509970677322
10,dbh_gswp3,min,0.005585917357814772
11,dbh_gswp3,min,0.006264058366281257
12,dbh_gswp3,min,0.005491759803584855
1,dbh_princeton,min,0.013484588896047863
2,dbh_princeton,min,0.005983262545391437
3,dbh_princeton,min,0.00515416003768449
4,dbh_princeton,min,0.006466069493206551
5,dbh_princeton,min,0.005741839061438536
6,dbh_princeton,min,0.005848295932968813
7,dbh_princeton,min,0.009894998295873075
8,dbh_princeton,min,0.008017580946839516
9,dbh_princeton,min,0.007534530448186771
10,dbh_princeton,min,0.0065097439898927
11,dbh_princeton,min,0.005748079908723933
12,dbh_princeton,min,0.005694820028601822
1,dbh_wfdei,min,0.013089651202784025
2,dbh_wfdei,min,0.006847826855459258
3,dbh_wfdei,min,0.004745673828575163
4,dbh_wfdei,min,0.004654949140553121
5,dbh_wfdei,min,0.0060584431443314905
6,dbh_wfdei,min,0.005509083357413619
7,dbh_wfdei,min,0.005893013810590822
8,dbh_wfdei,min,0.005659394816038153
9,dbh_wfdei,min,0.0048715255794852304
10,dbh_wfdei,min,0.005467471038829196
11,dbh_wfdei,min,0.00582689719047659
12,dbh_wfdei,min,0.005467224057698077
1,dlem_gswp3,min,1.469192735534899e-4
2,dlem_gswp3,min,0.00014083395077231722
3,dlem_gswp3,min,1.300212101130468e-4
4,dlem_gswp3,min,1.3629537769716538e-4
5,dlem_gswp3,min,1.5442950809047625e-4
6,dlem_gswp3,min,1.5763701116265015e-4
7,dlem_gswp3,min,1.6804185955383578e-4
8,dlem_gswp3,min,1.5489890444882987e-4
9,dlem_gswp3,min,1.22229316321714e-4
10,dlem_gswp3,min,1.7367452652351954e-4
11,dlem_gswp3,min,1.8528414043949716e-4
12,dlem_gswp3,min,1.3283753466483274e-4
1,dlem_princeton,min,0.0014743560061462296
2,dlem_princeton,min,0.0011256321557872992
3,dlem_princeton,min,6.111466620060736e-4
4,dlem_princeton,min,4.4429389939687995e-4
5,dlem_princeton,min,4.2902301889830084e-4
6,dlem_princeton,min,3.594123947412205e-4
7,dlem_princeton,min,4.16818892242226e-4
8,dlem_princeton,min,8.951279391859634e-4
9,dlem_princeton,min,0.0023723156526063377
10,dlem_princeton,min,0.0037523088586289654
11,dlem_princeton,min,0.0030838650039945845
12,dlem_princeton,min,0.0020479512453418047
1,dlem_wfdei,min,1.9714405858340964e-4
2,dlem_wfdei,min,1.7149523605818954e-4
3,dlem_wfdei,min,1.5677647201613242e-4
4,dlem_wfdei,min,1.5181657135673537e-4
5,dlem_wfdei,min,1.9902162615071222e-4
6,dlem_wfdei,min,1.7121806119793385e-4
7,dlem_wfdei,min,1.7789905801647826e-4
8,dlem_wfdei,min,1.6757244532937022e-4
9,dlem_wfdei,min,1.4890635145377797e-4
10,dlem_wfdei,min,2.2061359064329977e-4
11,dlem_wfdei,min,2.638601403507384e-4
12,dlem_wfdei,min,2.1967481579270446e-4
1,h08_gswp3,min,2.61830460706588e-4
2,h08_gswp3,min,5.1428313326461574e-5
3,h08_gswp3,min,2.8045605545636404e-6
4,h08_gswp3,min,8.63114211560734e-6
5,h08_gswp3,min,7.645844579563492e-5
6,h08_gswp3,min,0.0018093052986117198
7,h08_gswp3,min,0.01188532203990948
8,h08_gswp3,min,0.018472926259671757
9,h08_gswp3,min,0.008731860097199541
10,h08_gswp3,min,0.006003269732158792
11,h08_gswp3,min,0.002266967909303769
12,h08_gswp3,min,5.519043143090881e-4
1,h08_princeton,min,8.138824205645451e-5
2,h08_princeton,min,9.9766189045811e-6
3,h08_princeton,min,4.308216082012493e-7
4,h08_princeton,min,4.464456403176364e-5
5,h08_princeton,min,2.3255265566299755e-4
6,h08_princeton,min,3.2148621236718434e-4
7,h08_princeton,min,0.010451642311012203
8,h08_princeton,min,0.011036056838797065
9,h08_princeton,min,0.008952844749121213
10,h08_princeton,min,0.0039823892195912204
11,h08_princeton,min,0.0013936409145214677
12,h08_princeton,min,2.0854722957620468e-4
1,lpjml_gswp3,min,4.1040527072155174e-5
2,lpjml_gswp3,min,5.1950057392727346e-5
3,lpjml_gswp3,min,5.322149924718763e-5
4,lpjml_gswp3,min,6.207410856946642e-5
5,lpjml_gswp3,min,5.018668375964895e-4
6,lpjml_gswp3,min,0.010038189036932602
7,lpjml_gswp3,min,9.724626909718813e-4
8,lpjml_gswp3,min,2.0776104918747887e-4
9,lpjml_gswp3,min,0.010430468252743429
10,lpjml_gswp3,min,0.0017676305201000397
11,lpjml_gswp3,min,9.430834421448349e-5
12,lpjml_gswp3,min,4.0782375154561405e-5
1,lpjml_princeton,min,5.8023789533794907e-5
2,lpjml_princeton,min,5.859455821115656e-5
3,lpjml_princeton,min,6.880400940285129e-5
4,lpjml_princeton,min,4.0795358458090334e-4
5,lpjml_princeton,min,0.0027550873812291535
6,lpjml_princeton,min,0.0018507055107154842
7,lpjml_princeton,min,0.014548365213554966
8,lpjml_princeton,min,0.017435360814704617
9,lpjml_princeton,min,0.01438370655241788
10,lpjml_princeton,min,0.004132939369470943
11,lpjml_princeton,min,1.6137110001741888e-4
12,lpjml_princeton,min,4.8715442495721824e-5
1,lpjml_wfdei,min,1.3753728686862949e-4
2,lpjml_wfdei,min,8.382984277692659e-5
3,lpjml_wfdei,min,7.838436799483653e-5
4,lpjml_wfdei,min,2.539672811287127e-4
5,lpjml_wfdei,min,0.0010715169891555747
6,lpjml_wfdei,min,0.010156730832420255
7,lpjml_wfdei,min,0.0013736307262473112
8,lpjml_wfdei,min,1.4502439372374135e-4
9,lpjml_wfdei,min,0.010600033376999173
10,lpjml_wfdei,min,0.005245274921590764
11,lpjml_wfdei,min,0.0024921876873227645
12,lpjml_wfdei,min,6.345883586635995e-4
1,matsiro_gswp3,min,6.560237624174723e-4
2,matsiro_gswp3,min,6.542545170867129e-4
3,matsiro_gswp3,min,6.292974168165217e-4
4,matsiro_gswp3,min,6.613000540527794e-4
5,matsiro_gswp3,min,6.0009254124177e-4
6,matsiro_gswp3,min,6.157271043144991e-4
7,matsiro_gswp3,min,6.087085809096488e-4
8,matsiro_gswp3,min,5.574567803023836e-4
9,matsiro_gswp3,min,5.299734832718008e-4
10,matsiro_gswp3,min,5.896760977439512e-4
11,matsiro_gswp3,min,6.32037220810974e-4
12,matsiro_gswp3,min,6.045269102191753e-4
1,matsiro_princeton,min,0.003469103256563995
2,matsiro_princeton,min,0.002863532107835588
3,matsiro_princeton,min,0.0022038362162394693
4,matsiro_princeton,min,0.0017853857191926802
5,matsiro_princeton,min,0.0017975329601484166
6,matsiro_princeton,min,0.0015686886482729177
7,matsiro_princeton,min,0.0014096075014180332
8,matsiro_princeton,min,0.0019308345938694202
9,matsiro_princeton,min,0.003831569791672708
10,matsiro_princeton,min,0.0053035761897087174
11,matsiro_princeton,min,0.004798568954156409
12,matsiro_princeton,min,0.004162481056987525
1,matsiro_wfdei,min,3.32405765576541e-4
2,matsiro_wfdei,min,3.543351315926511e-4
3,matsiro_wfdei,min,3.6479038028555016e-4
4,matsiro_wfdei,min,3.667333199563512e-4
5,matsiro_wfdei,min,4.279990048277571e-4
6,matsiro_wfdei,min,4.377726613510831e-4
7,matsiro_wfdei,min,4.314327643412277e-4
8,matsiro_wfdei,min,8.0540539711348e-4
9,matsiro_wfdei,min,0.0019925665842618185
10,matsiro_wfdei,min,0.001992404074107836
11,matsiro_wfdei,min,0.0020777870805249606
12,matsiro_wfdei,min,0.001974020273733563
1,pcr-globwb_gswp3,min,4.27176556231843e-4
2,pcr-globwb_gswp3,min,3.1035841175734155e-4
3,pcr-globwb_gswp3,min,4.5488880748662176e-5
4,pcr-globwb_gswp3,min,5.388646253309532e-5
5,pcr-globwb_gswp3,min,1.1572243369684122e-4
6,pcr-globwb_gswp3,min,1.0255088387971471e-4
7,pcr-globwb_gswp3,min,1.5558047875229093e-4
8,pcr-globwb_gswp3,min,2.320510109726366e-4
9,pcr-globwb_gswp3,min,3.5885550803281714e-4
10,pcr-globwb_gswp3,min,3.748535750185774e-4
11,pcr-globwb_gswp3,min,4.0509104039759223e-4
12,pcr-globwb_gswp3,min,4.109056379849107e-4
1,pcr-globwb_wfdei,min,0.0012128239988391883
2,pcr-globwb_wfdei,min,4.901053617292308e-4
3,pcr-globwb_wfdei,min,4.6533208588453737e-5
4,pcr-globwb_wfdei,min,4.8919241234340924e-5
5,pcr-globwb_wfdei,min,1.0446600601426345e-4
6,pcr-globwb_wfdei,min,1.619029920352526e-4
7,pcr-globwb_wfdei,min,3.0393393657367863e-4
8,pcr-globwb_wfdei,min,5.96265977391727e-4
9,pcr-globwb_wfdei,min,0.001516852339948228
10,pcr-globwb_wfdei,min,0.0015041878393203167
11,pcr-globwb_wfdei,min,0.0014897723167958
12,pcr-globwb_wfdei,min,0.0014530438785645729
1,vegas_gswp3,min,5.3065891519967836e-5
2,vegas_gswp3,min,1.8267183523972708e-5
3,vegas_gswp3,min,6.118363362753108e-6
4,vegas_gswp3,min,1.7130721362575803e-5
5,vegas_gswp3,min,1.4341855489641638e-5
6,vegas_gswp3,min,0.0011231994440530422
7,vegas_gswp3,min,0.0012512209106482102
8,vegas_gswp3,min,5.147365397042541e-4
9,vegas_gswp3,min,0.0038857714144051145
10,vegas_gswp3,min,0.002350072582121715
11,vegas_gswp3,min,4.909811423896528e-4
12,vegas_gswp3,min,7.116159933091072e-5
1,vegas_wfdei,min,5.904028715901179e-5
2,vegas_wfdei,min,3.464982648273801e-5
3,vegas_wfdei,min,1.2025923756371796e-5
4,vegas_wfdei,min,1.1783601048508125e-5
5,vegas_wfdei,min,1.556559617517178e-5
6,vegas_wfdei,min,5.454191716323894e-4
7,vegas_wfdei,min,8.807766969734629e-4
8,vegas_wfdei,min,4.546138382574357e-4
9,vegas_wfdei,min,0.0039672503337157255
10,vegas_wfdei,min,0.0025055546102068964
11,vegas_wfdei,min,3.026847878948565e-4
12,vegas_wfdei,min,3.9538304699687654e-5
1,vic_princeton,min,0.005970802004297154
2,vic_princeton,min,0.004759108858877762
3,vic_princeton,min,0.003925129331404592
4,vic_princeton,min,0.004930666697792104
5,vic_princeton,min,0.00781966730548535
6,vic_princeton,min,0.007967219092998981
7,vic_princeton,min,0.01695100794795769
8,vic_princeton,min,0.019251676060987467
9,vic_princeton,min,0.021864987983078586
10,vic_princeton,min,0.015857049621482953
11,vic_princeton,min,0.010792249872585752
12,vic_princeton,min,0.007941542774527523
1,watergap2_princeton,min,0.0014437303458875164
2,watergap2_princeton,min,0.001038779768861803
3,watergap2_princeton,min,7.556347686484499e-4
4,watergap2_princeton,min,9.94994287888436e-4
5,watergap2_princeton,min,0.0016576117175694104
6,watergap2_princeton,min,9.202308269293841e-4
7,watergap2_princeton,min,0.010495969706892188
8,watergap2_princeton,min,0.018201874759149497
9,watergap2_princeton,min,0.017239818077866075
10,watergap2_princeton,min,0.0060906501698880615
11,watergap2_princeton,min,0.002761784743406213
12,watergap2_princeton,min,0.0018564786946553826
1,watergap2_wfdei,min,0.0016426930853333552
2,watergap2_wfdei,min,0.0010320509623277729
3,watergap2_wfdei,min,8.59672711554276e-4
4,watergap2_wfdei,min,8.219207595036391e-4
5,watergap2_wfdei,min,8.805676296904839e-4
6,watergap2_wfdei,min,0.003936971276239918
7,watergap2_wfdei,min,0.011273260490044443
8,watergap2_wfdei,min,0.01884074290919021
9,watergap2_wfdei,min,0.021433537102499876
10,watergap2_wfdei,min,0.0038157178337501914
11,watergap2_wfdei,min,0.002871976346971288
12,watergap2_wfdei,min,0.0020430838018115696
1,LORA,min,0.0029542690877426285
2,LORA,min,0.0020489779035969117
3,LORA,min,0.001415766450446409
4,LORA,min,0.0012191979129261305
5,LORA,min,0.0014809427413583081
6,LORA,min,0.003936503041178839
7,LORA,min,0.00983515796941028
8,LORA,min,0.020838195946525338
9,LORA,min,0.020558940327411523
10,LORA,min,0.012340023449748222
11,LORA,min,0.010720953509305005
12,LORA,min,0.005483075443905011
1,caraib_gswp3,mean,0.0017233489141715878
2,caraib_gswp3,mean,4.2658618820638376e-4
3,caraib_gswp3,mean,1.433676002417153e-4
4,caraib_gswp3,mean,1.3430938862473538e-4
5,caraib_gswp3,mean,0.002802105845225614
6,caraib_gswp3,mean,0.014970611062354283
7,caraib_gswp3,mean,0.051346342901068855
8,caraib_gswp3,mean,0.07773677765273068
9,caraib_gswp3,mean,0.055674967146591516
10,caraib_gswp3,mean,0.030116686846365676
11,caraib_gswp3,mean,0.015301252917421081
12,caraib_gswp3,mean,0.006163786169193903
1,caraib_princeton,mean,8.687505241105543e-4
2,caraib_princeton,mean,1.6905375660395208e-4
3,caraib_princeton,mean,6.078878252674177e-5
4,caraib_princeton,mean,6.265805433625653e-4
5,caraib_princeton,mean,0.005340725167516991
6,caraib_princeton,mean,0.01932135057614737
7,caraib_princeton,mean,0.04966567840708576
8,caraib_princeton,mean,0.08286404889093849
9,caraib_princeton,mean,0.06359360981063168
10,caraib_princeton,mean,0.03733748999870722
11,caraib_princeton,mean,0.019538206149852213
12,caraib_princeton,mean,0.003411591086817496
1,caraib_wfdei,mean,0.0020897975872130273
2,caraib_wfdei,mean,5.498319224861711e-4
3,caraib_wfdei,mean,1.8576103855491764e-4
4,caraib_wfdei,mean,2.924705495814523e-4
5,caraib_wfdei,mean,0.008641741885289461
6,caraib_wfdei,mean,0.02656377924732629
7,caraib_wfdei,mean,0.07066300361033215
8,caraib_wfdei,mean,0.08828464900342553
9,caraib_wfdei,mean,0.06416879487651571
10,caraib_wfdei,mean,0.033208209030094527
11,caraib_wfdei,mean,0.019816347591775092
12,caraib_wfdei,mean,0.005891493918117537
1,dbh_gswp3,mean,0.01809769071432687
2,dbh_gswp3,mean,0.010152779363008587
3,dbh_gswp3,mean,0.01073498612531895
4,dbh_gswp3,mean,0.016449560556643858
5,dbh_gswp3,mean,0.03980346331173208
6,dbh_gswp3,mean,0.03341231635934508
7,dbh_gswp3,mean,0.04715559485005158
8,dbh_gswp3,mean,0.03057615463471277
9,dbh_gswp3,mean,0.016998935036652167
10,dbh_gswp3,mean,0.012202314203339016
11,dbh_gswp3,mean,0.011733196213301933
12,dbh_gswp3,mean,0.008667935506088437
1,dbh_princeton,mean,0.017080689307103266
2,dbh_princeton,mean,0.008559668225705547
3,dbh_princeton,mean,0.010480080658921335
4,dbh_princeton,mean,0.016994482215554378
5,dbh_princeton,mean,0.042752779355829065
6,dbh_princeton,mean,0.029306017863995684
7,dbh_princeton,mean,0.03377802490770774
8,dbh_princeton,mean,0.03079101438326893
9,dbh_princeton,mean,0.022293756888693894
10,dbh_princeton,mean,0.013121256626327288
11,dbh_princeton,mean,0.018163386623237715
12,dbh_princeton,mean,0.008720847754551342
1,dbh_wfdei,mean,0.02032801031133813
2,dbh_wfdei,mean,0.01110386678041286
3,dbh_wfdei,mean,0.010359015725351651
4,dbh_wfdei,mean,0.015392980201618703
5,dbh_wfdei,mean,0.04037899459427926
6,dbh_wfdei,mean,0.03640587266986746
7,dbh_wfdei,mean,0.05418897871507762
8,dbh_wfdei,mean,0.03565330102466757
9,dbh_wfdei,mean,0.020758793413825
10,dbh_wfdei,mean,0.015196031280282856
11,dbh_wfdei,mean,0.01503925054541242
12,dbh_wfdei,mean,0.010028141407156275
1,dlem_gswp3,mean,0.0023283652732264777
2,dlem_gswp3,mean,0.0015969712356218232
3,dlem_gswp3,mean,0.0011747673853617663
4,dlem_gswp3,mean,8.34869911736316e-4
5,dlem_gswp3,mean,0.00133497040925517
6,dlem_gswp3,mean,9.110328442244461e-4
7,dlem_gswp3,mean,0.0068036882918759405
8,dlem_gswp3,mean,0.032062407562847256
9,dlem_gswp3,mean,0.030880461757515503
10,dlem_gswp3,mean,0.019347835773009435
11,dlem_gswp3,mean,0.009669721489671499
12,dlem_gswp3,mean,0.004387100851439628
1,dlem_princeton,mean,0.0023218172730849903
2,dlem_princeton,mean,0.001648302889039621
3,dlem_princeton,mean,0.0012218707315071783
4,dlem_princeton,mean,0.0011413283953582772
5,dlem_princeton,mean,7.720654331618516e-4
6,dlem_princeton,mean,6.216112707550051e-4
7,dlem_princeton,mean,0.003027686926750547
8,dlem_princeton,mean,0.021854534572808604
9,dlem_princeton,mean,0.029310032536564862
10,dlem_princeton,mean,0.02240247713933184
11,dlem_princeton,mean,0.015377090953547399
12,dlem_princeton,mean,0.004698694058305995
1,dlem_wfdei,mean,0.00267706381311131
2,dlem_wfdei,mean,0.0017535645962936499
3,dlem_wfdei,mean,0.001290847706759358
4,dlem_wfdei,mean,9.265176338943773e-4
5,dlem_wfdei,mean,0.0014973091579933034
6,dlem_wfdei,mean,0.0011464212913547727
7,dlem_wfdei,mean,0.008223465688913887
8,dlem_wfdei,mean,0.030783658167122932
9,dlem_wfdei,mean,0.038955041757134046
10,dlem_wfdei,mean,0.023145745532462122
11,dlem_wfdei,mean,0.011877488736937255
12,dlem_wfdei,mean,0.005306062123845949
1,h08_gswp3,mean,0.0019144086809171983
2,h08_gswp3,mean,4.4846744306790656e-4
3,h08_gswp3,mean,1.2995164412230256e-4
4,h08_gswp3,mean,2.913338443529071e-4
5,h08_gswp3,mean,0.008491356798064209
6,h08_gswp3,mean,0.01997438871432425
7,h08_gswp3,mean,0.07123728157688257
8,h08_gswp3,mean,0.07808449128736088
9,h08_gswp3,mean,0.050719930259651
10,h08_gswp3,mean,0.023938414830744693
11,h08_gswp3,mean,0.01372478370274665
12,h08_gswp3,mean,0.003882171074776286
1,h08_princeton,mean,4.839159660975183e-4
2,h08_princeton,mean,1.320577867206073e-4
3,h08_princeton,mean,7.790593135164317e-5
4,h08_princeton,mean,2.3209852950485595e-4
5,h08_princeton,mean,0.009086228104499591
6,h08_princeton,mean,0.018521651796177128
7,h08_princeton,mean,0.0577320811467198
8,h08_princeton,mean,0.07648190241187021
9,h08_princeton,mean,0.04941818588517527
10,h08_princeton,mean,0.025257777665338363
11,h08_princeton,mean,0.012105785259734686
12,h08_princeton,mean,0.0020979215014954792
1,lpjml_gswp3,mean,0.0013019314234080286
2,lpjml_gswp3,mean,8.4794322663535e-4
3,lpjml_gswp3,mean,0.001452654771843188
4,lpjml_gswp3,mean,0.004519963469902263
5,lpjml_gswp3,mean,0.01945014498199327
6,lpjml_gswp3,mean,0.02419085588964282
7,lpjml_gswp3,mean,0.040814853493106915
8,lpjml_gswp3,mean,0.049396497492947576
9,lpjml_gswp3,mean,0.04126798175069944
10,lpjml_gswp3,mean,0.022929024220355056
11,lpjml_gswp3,mean,0.012756452105014157
12,lpjml_gswp3,mean,0.0024160073207476376
1,lpjml_princeton,mean,0.0012993607714063267
2,lpjml_princeton,mean,5.606603079413298e-4
3,lpjml_princeton,mean,0.0011014958882348627
4,lpjml_princeton,mean,0.0034758208029809904
5,lpjml_princeton,mean,0.021949966586479283
6,lpjml_princeton,mean,0.022951381436872875
7,lpjml_princeton,mean,0.03562388804462123
8,lpjml_princeton,mean,0.04720532081323682
9,lpjml_princeton,mean,0.040776168681675336
10,lpjml_princeton,mean,0.024035719744667085
11,lpjml_princeton,mean,0.012390228522650213
12,lpjml_princeton,mean,0.0021451113523227004
1,lpjml_wfdei,mean,0.0036260054361068493
2,lpjml_wfdei,mean,0.0016041101676879277
3,lpjml_wfdei,mean,0.0015916333653052304
4,lpjml_wfdei,mean,0.004556476187785043
5,lpjml_wfdei,mean,0.02108301817777219
6,lpjml_wfdei,mean,0.026136904349674472
7,lpjml_wfdei,mean,0.04896037557726005
8,lpjml_wfdei,mean,0.06945314386075162
9,lpjml_wfdei,mean,0.0596890885104846
10,lpjml_wfdei,mean,0.034593784031119776
11,lpjml_wfdei,mean,0.02008506552795563
12,lpjml_wfdei,mean,0.006928477579056011
1,matsiro_gswp3,mean,0.007534946355192662
2,matsiro_gswp3,mean,0.005474285245378181
3,matsiro_gswp3,mean,0.004067980623484171
4,matsiro_gswp3,mean,0.002964027590229828
5,matsiro_gswp3,mean,0.0025994837944477117
6,matsiro_gswp3,mean,0.002335757324773102
7,matsiro_gswp3,mean,0.0038174868539679408
8,matsiro_gswp3,mean,0.016133081541894145
9,matsiro_gswp3,mean,0.020186164867066498
10,matsiro_gswp3,mean,0.01899244861060284
11,matsiro_gswp3,mean,0.013916523408702901
12,matsiro_gswp3,mean,0.009880330898689386
1,matsiro_princeton,mean,0.007728158809694244
2,matsiro_princeton,mean,0.005174247829202361
3,matsiro_princeton,mean,0.0037202687704489105
4,matsiro_princeton,mean,0.0027564117032016617
5,matsiro_princeton,mean,0.0025177990410380755
6,matsiro_princeton,mean,0.002320116858736996
7,matsiro_princeton,mean,0.003236259844222464
8,matsiro_princeton,mean,0.01433726412333068
9,matsiro_princeton,mean,0.026249987369059716
10,matsiro_princeton,mean,0.024345580235031788
11,matsiro_princeton,mean,0.020699944142029487
12,matsiro_princeton,mean,0.011412354024244186
1,matsiro_wfdei,mean,0.009979697617105616
2,matsiro_wfdei,mean,0.0070189310478862045
3,matsiro_wfdei,mean,0.005085647739010548
4,matsiro_wfdei,mean,0.003964024276898074
5,matsiro_wfdei,mean,0.004256847962743645
6,matsiro_wfdei,mean,0.0048264866522986305
7,matsiro_wfdei,mean,0.02085955028547631
8,matsiro_wfdei,mean,0.06177533537902246
9,matsiro_wfdei,mean,0.060998884326356174
10,matsiro_wfdei,mean,0.03765414939150945
11,matsiro_wfdei,mean,0.02674634693477961
12,matsiro_wfdei,mean,0.014694484606985114
1,pcr-globwb_gswp3,mean,0.006181576553944782
2,pcr-globwb_gswp3,mean,0.003801056793741417
3,pcr-globwb_gswp3,mean,0.0024269644377407492
4,pcr-globwb_gswp3,mean,0.001538468185248023
5,pcr-globwb_gswp3,mean,0.0013199656495785413
6,pcr-globwb_gswp3,mean,0.002046257778093997
7,pcr-globwb_gswp3,mean,0.0062706755254204535
8,pcr-globwb_gswp3,mean,0.01914368791592704
9,pcr-globwb_gswp3,mean,0.020477446550919143
10,pcr-globwb_gswp3,mean,0.018312682016562328
11,pcr-globwb_gswp3,mean,0.01427863088938504
12,pcr-globwb_gswp3,mean,0.010246943002161361
1,pcr-globwb_wfdei,mean,0.006061461186907016
2,pcr-globwb_wfdei,mean,0.0037388576869814088
3,pcr-globwb_wfdei,mean,0.002378037447767523
4,pcr-globwb_wfdei,mean,0.0014629026865233936
5,pcr-globwb_wfdei,mean,0.0013441303214745224
6,pcr-globwb_wfdei,mean,0.0016352796425191452
7,pcr-globwb_wfdei,mean,0.005572335158851061
8,pcr-globwb_wfdei,mean,0.01733014280686088
9,pcr-globwb_wfdei,mean,0.01951286785354552
10,pcr-globwb_wfdei,mean,0.017214791272273086
11,pcr-globwb_wfdei,mean,0.0143658177642835
12,pcr-globwb_wfdei,mean,0.010038912564989788
1,vegas_gswp3,mean,7.763441637656998e-4
2,vegas_gswp3,mean,3.9711318687600224e-4
3,vegas_gswp3,mean,2.720234854575167e-4
4,vegas_gswp3,mean,5.642768318597259e-4
5,vegas_gswp3,mean,0.003882159201781675
6,vegas_gswp3,mean,0.011433616351957832
7,vegas_gswp3,mean,0.039039829649719304
8,vegas_gswp3,mean,0.058154480285088586
9,vegas_gswp3,mean,0.039487737567429175
10,vegas_gswp3,mean,0.017849721027890883
11,vegas_gswp3,mean,0.008016799352689659
12,vegas_gswp3,mean,0.0026442869325860744
1,vegas_wfdei,mean,7.834038222760214e-4
2,vegas_wfdei,mean,4.1523656085090996e-4
3,vegas_wfdei,mean,2.6292253752237835e-4
4,vegas_wfdei,mean,3.2474693883555633e-4
5,vegas_wfdei,mean,0.0026178960115214598
6,vegas_wfdei,mean,0.010530000772461879
7,vegas_wfdei,mean,0.041561810428142706
8,vegas_wfdei,mean,0.06168200565485988
9,vegas_wfdei,mean,0.04225431340479889
10,vegas_wfdei,mean,0.019096723985973195
11,vegas_wfdei,mean,0.008329321960758118
12,vegas_wfdei,mean,0.002616405216431957
1,vic_princeton,mean,0.00853451766567827
2,vic_princeton,mean,0.006697658270757396
3,vic_princeton,mean,0.006308931464683587
4,vic_princeton,mean,0.008066700154875048
5,vic_princeton,mean,0.016606158828486525
6,vic_princeton,mean,0.020444629271203562
7,vic_princeton,mean,0.025303987995490804
8,vic_princeton,mean,0.04097341076611756
9,vic_princeton,mean,0.0421146334353915
10,vic_princeton,mean,0.02878501103816543
11,vic_princeton,mean,0.019895571218178247
12,vic_princeton,mean,0.012605319863327635
1,watergap2_princeton,mean,0.0030692614090328833
2,watergap2_princeton,mean,0.0022043577637785045
3,watergap2_princeton,mean,0.001880141900865701
4,watergap2_princeton,mean,0.002271042100213592
5,watergap2_princeton,mean,0.014151572473645051
6,watergap2_princeton,mean,0.016088378180488066
7,watergap2_princeton,mean,0.029505452183038752
8,watergap2_princeton,mean,0.04304130804664858
9,watergap2_princeton,mean,0.03609656405380474
10,watergap2_princeton,mean,0.021469253604152215
11,watergap2_princeton,mean,0.012426860680713548
12,watergap2_princeton,mean,0.004265018010110052
1,watergap2_wfdei,mean,0.004054438994062807
2,watergap2_wfdei,mean,0.0031558125045956704
3,watergap2_wfdei,mean,0.0023430206686089823
4,watergap2_wfdei,mean,0.00273360824947921
5,watergap2_wfdei,mean,0.009959531054931046
6,watergap2_wfdei,mean,0.01475608566818754
7,watergap2_wfdei,mean,0.03535865963661021
8,watergap2_wfdei,mean,0.04775577675923433
9,watergap2_wfdei,mean,0.0407219744753645
10,watergap2_wfdei,mean,0.02443375371813457
11,watergap2_wfdei,mean,0.01630131253829314
12,watergap2_wfdei,mean,0.00617193642187033
1,LORA,mean,0.008421717737451963
2,LORA,mean,0.004903671496023136
3,LORA,mean,0.0033513702127040057
4,LORA,mean,0.0027009678022441126
5,LORA,mean,0.004885135135190239
6,LORA,mean,0.011827158333937361
7,LORA,mean,0.027019319351013083
8,LORA,mean,0.03807634380342676
9,LORA,mean,0.038412163191679664
10,LORA,mean,0.030150310252551986
11,LORA,mean,0.024023113311669266
12,LORA,mean,0.01463387687903093
1,caraib_gswp3,median,0.0010314740298418006
2,caraib_gswp3,median,2.539255458912783e-4
3,caraib_gswp3,median,7.026931643770572e-5
4,caraib_gswp3,median,4.3707222936649535e-5
5,caraib_gswp3,median,0.0010671424359208624
6,caraib_gswp3,median,0.011564349478259864
7,caraib_gswp3,median,0.046342325119209396
8,caraib_gswp3,median,0.07657802275364695
9,caraib_gswp3,median,0.051318924018518175
10,caraib_gswp3,median,0.023859054177310136
11,caraib_gswp3,median,0.01226558722449501
12,caraib_gswp3,median,0.0030019748939213702
1,caraib_princeton,median,5.442475061899476e-4
2,caraib_princeton,median,1.126832517315504e-4
3,caraib_princeton,median,4.371207805256255e-5
4,caraib_princeton,median,6.0320967305334775e-5
5,caraib_princeton,median,0.0016579773296836473
6,caraib_princeton,median,0.012573742494527616
7,caraib_princeton,median,0.04420221303630534
8,caraib_princeton,median,0.0803389873861767
9,caraib_princeton,median,0.060442288085200316
10,caraib_princeton,median,0.03406460380321701
11,caraib_princeton,median,0.013886440345836283
12,caraib_princeton,median,0.002910741521960872
1,caraib_wfdei,median,0.0010639881023977488
2,caraib_wfdei,median,3.1630897045633623e-4
3,caraib_wfdei,median,1.2767857425300216e-4
4,caraib_wfdei,median,9.20100967094927e-5
5,caraib_wfdei,median,0.003619258065119255
6,caraib_wfdei,median,0.025683726761960332
7,caraib_wfdei,median,0.06320841500844644
8,caraib_wfdei,median,0.0840756838357117
9,caraib_wfdei,median,0.06422751404013781
10,caraib_wfdei,median,0.02731671111622106
11,caraib_wfdei,median,0.011840962627956942
12,caraib_wfdei,median,0.002880411009871002
1,dbh_gswp3,median,0.01705227764401889
2,dbh_gswp3,median,0.009132643868139896
3,dbh_gswp3,median,0.008522499566476724
4,dbh_gswp3,median,0.012667758263293371
5,dbh_gswp3,median,0.036118586933799254
6,dbh_gswp3,median,0.028443792356613595
7,dbh_gswp3,median,0.034353891887351364
8,dbh_gswp3,median,0.016637783847581335
9,dbh_gswp3,median,0.013208231303215624
10,dbh_gswp3,median,0.009721785054493101
11,dbh_gswp3,median,0.009996763669343262
12,dbh_gswp3,median,0.008164633626650679
1,dbh_princeton,median,0.01564354872652041
2,dbh_princeton,median,0.00796646271328493
3,dbh_princeton,median,0.009040888662782572
4,dbh_princeton,median,0.016384873454169092
5,dbh_princeton,median,0.036526437395182174
6,dbh_princeton,median,0.02543434099510676
7,dbh_princeton,median,0.021398663595472156
8,dbh_princeton,median,0.01657229725803769
9,dbh_princeton,median,0.012808574097828207
10,dbh_princeton,median,0.01049490974620447
11,dbh_princeton,median,0.01071696407797874
12,dbh_princeton,median,0.007670713385508596
1,dbh_wfdei,median,0.01807251667657936
2,dbh_wfdei,median,0.010317850574109135
3,dbh_wfdei,median,0.008821244398041243
4,dbh_wfdei,median,0.012205962434806365
5,dbh_wfdei,median,0.03259570182078743
6,dbh_wfdei,median,0.033924702713612254
7,dbh_wfdei,median,0.05139302521844075
8,dbh_wfdei,median,0.027389935304441927
9,dbh_wfdei,median,0.015776620101791046
10,dbh_wfdei,median,0.012800902818158415
11,dbh_wfdei,median,0.011265076381498231
12,dbh_wfdei,median,0.008827616168194755
1,dlem_gswp3,median,0.0023239530166891376
2,dlem_gswp3,median,0.0016447950691324273
3,dlem_gswp3,median,0.001266650592031255
4,dlem_gswp3,median,0.00083353601911098185
5,dlem_gswp3,median,5.543503279592033e-4
6,dlem_gswp3,median,5.788916302067869e-4
7,dlem_gswp3,median,0.001442906718128216
8,dlem_gswp3,median,0.014157290602473928
9,dlem_gswp3,median,0.02603193471047159
10,dlem_gswp3,median,0.018195927773672883
11,dlem_gswp3,median,0.007697051750623192
12,dlem_gswp3,median,0.0032578057534517557
1,dlem_princeton,median,0.0022335952986058377
2,dlem_princeton,median,0.0016146534375777268
3,dlem_princeton,median,0.0012692322452030318
4,dlem_princeton,median,8.429942672945533e-4
5,dlem_princeton,median,6.313303659591527e-4
6,dlem_princeton,median,5.546397947044568e-4
7,dlem_princeton,median,8.974749031116194e-4
8,dlem_princeton,median,0.0058188011261298975
9,dlem_princeton,median,0.019962424867633013
10,dlem_princeton,median,0.020517534398151946
11,dlem_princeton,median,0.011874190737541701
12,dlem_princeton,median,0.003471613230894768
1,dlem_wfdei,median,0.002435667884956121
2,dlem_wfdei,median,0.0017263852429188057
3,dlem_wfdei,median,0.0013527837607554844
4,dlem_wfdei,median,9.075041879642312e-4
5,dlem_wfdei,median,6.648918571922537e-4
6,dlem_wfdei,median,6.698360535392772e-4
7,dlem_wfdei,median,0.0018841340066114867
8,dlem_wfdei,median,0.014699671457290949
9,dlem_wfdei,median,0.03489089518541075
10,dlem_wfdei,median,0.020694024141528312
11,dlem_wfdei,median,0.012076935947273377
12,dlem_wfdei,median,0.0037149921250645875
1,h08_gswp3,median,9.889061958599163e-4
2,h08_gswp3,median,2.832240398924668e-4
3,h08_gswp3,median,5.3539274846771105e-5
4,h08_gswp3,median,2.0748792993462796e-4
5,h08_gswp3,median,0.001640648201627965
6,h08_gswp3,median,0.016913251850969084
7,h08_gswp3,median,0.06643691119090761
8,h08_gswp3,median,0.07792967044407795
9,h08_gswp3,median,0.0509640693046588
10,h08_gswp3,median,0.015684900342799762
11,h08_gswp3,median,0.0066458002922132695
12,h08_gswp3,median,0.0027990027131039224
1,h08_princeton,median,3.7109652820999735e-4
2,h08_princeton,median,5.022763690803425e-5
3,h08_princeton,median,3.98131832484301e-5
4,h08_princeton,median,2.0521733470435426e-4
5,h08_princeton,median,0.003347781065275618
6,h08_princeton,median,0.010147238638624045
7,h08_princeton,median,0.054593797768933854
8,h08_princeton,median,0.07462023763020426
9,h08_princeton,median,0.046041538691304076
10,h08_princeton,median,0.016441053085764865
11,h08_princeton,median,0.005889717012691294
12,h08_princeton,median,0.002300985129319608
1,lpjml_gswp3,median,4.924225785785479e-4
2,lpjml_gswp3,median,4.079745415301801e-4
3,lpjml_gswp3,median,4.152731519715285e-4
4,lpjml_gswp3,median,0.0030298007200495955
5,lpjml_gswp3,median,0.020161597998412766
6,lpjml_gswp3,median,0.023300092427204447
7,lpjml_gswp3,median,0.04051553712640883
8,lpjml_gswp3,median,0.04528557061247174
9,lpjml_gswp3,median,0.037648938050337394
10,lpjml_gswp3,median,0.019776608156263427
11,lpjml_gswp3,median,0.009766717897173673
12,lpjml_gswp3,median,0.00167149690242783
1,lpjml_princeton,median,4.0596756971427426e-4
2,lpjml_princeton,median,3.458537845425026e-4
3,lpjml_princeton,median,5.84611483802618e-4
4,lpjml_princeton,median,0.0029630650748897194
5,lpjml_princeton,median,0.019934818437359107
6,lpjml_princeton,median,0.02210109051011639
7,lpjml_princeton,median,0.0341030082256748
8,lpjml_princeton,median,0.04060115725186329
9,lpjml_princeton,median,0.03526579996470608
10,lpjml_princeton,median,0.021359769784476776
11,lpjml_princeton,median,0.008847751990967902
12,lpjml_princeton,median,7.623688278193832e-4
1,lpjml_wfdei,median,0.0021581301282351958
2,lpjml_wfdei,median,7.573895781607818e-4
3,lpjml_wfdei,median,6.788195633970321e-4
4,lpjml_wfdei,median,0.002956246937796112
5,lpjml_wfdei,median,0.021424265019202464
6,lpjml_wfdei,median,0.025678131953281794
7,lpjml_wfdei,median,0.043289272440610815
8,lpjml_wfdei,median,0.06539257663345797
9,lpjml_wfdei,median,0.06002298273043059
10,lpjml_wfdei,median,0.03247610463833671
11,lpjml_wfdei,median,0.015405625857071767
12,lpjml_wfdei,median,0.00623106122979134
1,matsiro_gswp3,median,0.006782638415591256
2,matsiro_gswp3,median,0.005194308478523011
3,matsiro_gswp3,median,0.0037680736299253344
4,matsiro_gswp3,median,0.0029395369777149706
5,matsiro_gswp3,median,0.002433625002255265
6,matsiro_gswp3,median,0.0021208893613786826
7,matsiro_gswp3,median,0.0026994027123978847
8,matsiro_gswp3,median,0.0052436158029738516
9,matsiro_gswp3,median,0.017942834431274625
10,matsiro_gswp3,median,0.017060410298162784
11,matsiro_gswp3,median,0.012457098223054276
12,matsiro_gswp3,median,0.009773160560059266
1,matsiro_princeton,median,0.007246734255861807
2,matsiro_princeton,median,0.005169606077544287
3,matsiro_princeton,median,0.0036744269035673023
4,matsiro_princeton,median,0.002807719517643004
5,matsiro_princeton,median,0.0023242987616869247
6,matsiro_princeton,median,0.002179793360648214
7,matsiro_princeton,median,0.0025562458454865492
8,matsiro_princeton,median,0.004728579532694497
9,matsiro_princeton,median,0.014182282577394574
10,matsiro_princeton,median,0.02200426933299323
11,matsiro_princeton,median,0.017944294592869246
12,matsiro_princeton,median,0.010814469598652711
1,matsiro_wfdei,median,0.009743244398836939
2,matsiro_wfdei,median,0.006353263720146014
3,matsiro_wfdei,median,0.005023017059069553
4,matsiro_wfdei,median,0.003931421061376724
5,matsiro_wfdei,median,0.003690257993871101
6,matsiro_wfdei,median,0.004392432781943988
7,matsiro_wfdei,median,0.00789813212458214
8,matsiro_wfdei,median,0.056311597273110595
9,matsiro_wfdei,median,0.06475856463556476
10,matsiro_wfdei,median,0.03613017446520091
11,matsiro_wfdei,median,0.02311670665048652
12,matsiro_wfdei,median,0.013178953176582018
1,pcr-globwb_gswp3,median,0.005803650663225629
2,pcr-globwb_gswp3,median,0.002781499712047079
3,pcr-globwb_gswp3,median,0.0015917493679599593
4,pcr-globwb_gswp3,median,0.0014108053884897376
5,pcr-globwb_gswp3,median,0.0012354597909204337
6,pcr-globwb_gswp3,median,0.0013435742803142232
7,pcr-globwb_gswp3,median,0.001560925894110119
8,pcr-globwb_gswp3,median,0.01535662468631471
9,pcr-globwb_gswp3,median,0.020288503992854735
10,pcr-globwb_gswp3,median,0.01709684516044302
11,pcr-globwb_gswp3,median,0.014105231896788112
12,pcr-globwb_gswp3,median,0.00910015184236605
1,pcr-globwb_wfdei,median,0.005988434284539816
2,pcr-globwb_wfdei,median,0.0026033063991673542
3,pcr-globwb_wfdei,median,0.0014770776581709754
4,pcr-globwb_wfdei,median,0.0013997624876437166
5,pcr-globwb_wfdei,median,0.0012388468484173577
6,pcr-globwb_wfdei,median,0.0012516673559345142
7,pcr-globwb_wfdei,median,0.001466539510718789
8,pcr-globwb_wfdei,median,0.013922608788655633
9,pcr-globwb_wfdei,median,0.01924318322602736
10,pcr-globwb_wfdei,median,0.01723048939472611
11,pcr-globwb_wfdei,median,0.013979544799965457
12,pcr-globwb_wfdei,median,0.008746111537352226
1,vegas_gswp3,median,2.9684450063844904e-4
2,vegas_gswp3,median,2.0831772912541374e-4
3,vegas_gswp3,median,1.467775186072952e-4
4,vegas_gswp3,median,3.655108655250057e-4
5,vegas_gswp3,median,0.0029196119106914874
6,vegas_gswp3,median,0.008850013603792046
7,vegas_gswp3,median,0.03190338031360204
8,vegas_gswp3,median,0.057900557203482035
9,vegas_gswp3,median,0.03778667624757665
10,vegas_gswp3,median,0.01460484129619587
11,vegas_gswp3,median,0.005201026638442439
12,vegas_gswp3,median,9.440048422677635e-4
1,vegas_wfdei,median,2.960427097675226e-4
2,vegas_wfdei,median,1.9101003680433928e-4
3,vegas_wfdei,median,1.5713358989258863e-4
4,vegas_wfdei,median,1.5525782749076572e-4
5,vegas_wfdei,median,0.0013519691555150429
6,vegas_wfdei,median,0.006711156845683189
7,vegas_wfdei,median,0.03520990629169228
8,vegas_wfdei,median,0.06179517565140103
9,vegas_wfdei,median,0.040443155802800224
10,vegas_wfdei,median,0.015568662738971792
11,vegas_wfdei,median,0.005172786687168453
12,vegas_wfdei,median,8.093000459368596e-4
1,vic_princeton,median,0.008403805980502239
2,vic_princeton,median,0.006177729885221569
3,vic_princeton,median,0.00604068765938106
4,vic_princeton,median,0.007456211702421001
5,vic_princeton,median,0.015044841309203218
6,vic_princeton,median,0.01886121147043167
7,vic_princeton,median,0.025268646385336373
8,vic_princeton,median,0.03758873982992071
9,vic_princeton,median,0.04097537025530526
10,vic_princeton,median,0.024942124752254727
11,vic_princeton,median,0.018931514192032126
12,vic_princeton,median,0.011841245627169683
1,watergap2_princeton,median,0.0027432024147963363
2,watergap2_princeton,median,0.0021153451495290916
3,watergap2_princeton,median,0.0018050506627201835
4,watergap2_princeton,median,0.0021711967593100994
5,watergap2_princeton,median,0.01320511716844432
6,watergap2_princeton,median,0.016158139630361938
7,watergap2_princeton,median,0.028959551847103283
8,watergap2_princeton,median,0.04034679870288363
9,watergap2_princeton,median,0.033243038222018254
10,watergap2_princeton,median,0.01990483824399167
11,watergap2_princeton,median,0.010782699935515831
12,watergap2_princeton,median,0.004043635108810624
1,watergap2_wfdei,median,0.0033974707245214477
2,watergap2_wfdei,median,0.0025685951879002725
3,watergap2_wfdei,median,0.0021184230518254315
4,watergap2_wfdei,median,0.0018777615218134977
5,watergap2_wfdei,median,0.0066120439174313945
6,watergap2_wfdei,median,0.01360209359947105
7,watergap2_wfdei,median,0.03184881258538602
8,watergap2_wfdei,median,0.04255243396512854
9,watergap2_wfdei,median,0.038437903265659656
10,watergap2_wfdei,median,0.024149026033279713
11,watergap2_wfdei,median,0.011803857715015433
12,watergap2_wfdei,median,0.004734418035139559
1,LORA,median,0.008077026217835636
2,LORA,median,0.004650605817282037
3,LORA,median,0.0030510571053620756
4,LORA,median,0.0022694823144302962
5,LORA,median,0.00423742839597041
6,LORA,median,0.010257308180912514
7,LORA,median,0.026491312753765314
8,LORA,median,0.03840979658425212
9,LORA,median,0.03835086871585707
10,LORA,median,0.029073909827967037
11,LORA,median,0.023708304212834753
12,LORA,median,0.014374835813458537
1,caraib_gswp3,max,0.01513119723261081
2,caraib_gswp3,max,0.004542270574209421
3,caraib_gswp3,max,0.0013287111759540014
4,caraib_gswp3,max,0.0017271304741790215
5,caraib_gswp3,max,0.020406248816822067
6,caraib_gswp3,max,0.0574577863916611
7,caraib_gswp3,max,0.13092997568424447
8,caraib_gswp3,max,0.1978023031750027
9,caraib_gswp3,max,0.10501574577764952
10,caraib_gswp3,max,0.0751221696076448
11,caraib_gswp3,max,0.04964468924163598
12,caraib_gswp3,max,0.04059897329834276
1,caraib_princeton,max,0.005969009675949798
2,caraib_princeton,max,7.497658223486848e-4
3,caraib_princeton,max,2.9020063153265176e-4
4,caraib_princeton,max,0.009666883778937096
5,caraib_princeton,max,0.032169564464821256
6,caraib_princeton,max,0.07526776041071459
7,caraib_princeton,max,0.09637767219126767
8,caraib_princeton,max,0.19518176019423936
9,caraib_princeton,max,0.11709935250232545
10,caraib_princeton,max,0.08118824115297749
11,caraib_princeton,max,0.1192346050027885
12,caraib_princeton,max,0.011705082985750993
1,caraib_wfdei,max,0.019430824281816847
2,caraib_wfdei,max,0.0064979706509271295
3,caraib_wfdei,max,0.0010375400750882165
4,caraib_wfdei,max,0.0027821406766781564
5,caraib_wfdei,max,0.04798501263031583
6,caraib_wfdei,max,0.07730595390037268
7,caraib_wfdei,max,0.1669381506181221
8,caraib_wfdei,max,0.19882140220669406
9,caraib_wfdei,max,0.10821863367579343
10,caraib_wfdei,max,0.08109118671589716
11,caraib_wfdei,max,0.05973862512146931
12,caraib_wfdei,max,0.03398938547104859
1,dbh_gswp3,max,0.03118466317234052
2,dbh_gswp3,max,0.01898005856203973
3,dbh_gswp3,max,0.03343982958568634
4,dbh_gswp3,max,0.05722287074617006
5,dbh_gswp3,max,0.10797103051812233
6,dbh_gswp3,max,0.11469372884288187
7,dbh_gswp3,max,0.14653363066921785
8,dbh_gswp3,max,0.16437847476500556
9,dbh_gswp3,max,0.059536260674314785
10,dbh_gswp3,max,0.05633245803124081
11,dbh_gswp3,max,0.03732804895916265
12,dbh_gswp3,max,0.02780864150128245
1,dbh_princeton,max,0.032274997965461016
2,dbh_princeton,max,0.013275098585888092
3,dbh_princeton,max,0.02112891331961292
4,dbh_princeton,max,0.036901276998901236
5,dbh_princeton,max,0.0970282204906342
6,dbh_princeton,max,0.08799241580865827
7,dbh_princeton,max,0.09577621825229793
8,dbh_princeton,max,0.17489687058728956
9,dbh_princeton,max,0.07859030151943618
10,dbh_princeton,max,0.03648492855711798
11,dbh_princeton,max,0.12417060523523848
12,dbh_princeton,max,0.019999690432652862
1,dbh_wfdei,max,0.06475074127955036
2,dbh_wfdei,max,0.02827884555082354
3,dbh_wfdei,max,0.02920471606610459
4,dbh_wfdei,max,0.045332869785943274
5,dbh_wfdei,max,0.10125025315771596
6,dbh_wfdei,max,0.12709246519596656
7,dbh_wfdei,max,0.14666576557436634
8,dbh_wfdei,max,0.15364022914622877
9,dbh_wfdei,max,0.061347899287142654
10,dbh_wfdei,max,0.049764804398403355
11,dbh_wfdei,max,0.03950316375681579
12,dbh_wfdei,max,0.025922373423334897
1,dlem_gswp3,max,0.007545924168006362
2,dlem_gswp3,max,0.0037786112056619396
3,dlem_gswp3,max,0.0026511183300508734
4,dlem_gswp3,max,0.0019231716040755571
5,dlem_gswp3,max,0.012913405010245288
6,dlem_gswp3,max,0.011612270678283859
7,dlem_gswp3,max,0.06531430190979197
8,dlem_gswp3,max,0.19867475029950535
9,dlem_gswp3,max,0.0787627309387542
10,dlem_gswp3,max,0.06329920572961813
11,dlem_gswp3,max,0.03015038394853466
12,dlem_gswp3,max,0.013621246071444371
1,dlem_princeton,max,0.004027840894161818
2,dlem_princeton,max,0.002348445097798394
3,dlem_princeton,max,0.0016409896587588923
4,dlem_princeton,max,0.006899166342943804
5,dlem_princeton,max,0.005314909879392274
6,dlem_princeton,max,0.0012756472513473797
7,dlem_princeton,max,0.024333678731725778
8,dlem_princeton,max,0.1364293307293268
9,dlem_princeton,max,0.10241167735307677
10,dlem_princeton,max,0.06253080626718614
11,dlem_princeton,max,0.1096998435512571
12,dlem_princeton,max,0.01749606671855749
1,dlem_wfdei,max,0.008421806159721462
2,dlem_wfdei,max,0.0040556019735004615
3,dlem_wfdei,max,0.002772690503977171
4,dlem_wfdei,max,0.0019643998727182474
5,dlem_wfdei,max,0.011423089992433943
6,dlem_wfdei,max,0.012530445901840702
7,dlem_wfdei,max,0.08583886840959382
8,dlem_wfdei,max,0.17058265907360473
9,dlem_wfdei,max,0.10029206699091789
10,dlem_wfdei,max,0.07031705565351375
11,dlem_wfdei,max,0.026406868075545983
12,dlem_wfdei,max,0.018357867355505337
1,h08_gswp3,max,0.020535554873274308
2,h08_gswp3,max,0.003691998010242767
3,h08_gswp3,max,4.927645538267208e-4
4,h08_gswp3,max,0.001155303408347491
5,h08_gswp3,max,0.05848000927728866
6,h08_gswp3,max,0.08946782620126528
7,h08_gswp3,max,0.14724725977896194
8,h08_gswp3,max,0.163076024343776
9,h08_gswp3,max,0.10010510227466106
10,h08_gswp3,max,0.06437039491135228
11,h08_gswp3,max,0.06614471650475798
12,h08_gswp3,max,0.013807995822642624
1,h08_princeton,max,0.0018646936758429842
2,h08_princeton,max,7.867027223737409e-4
3,h08_princeton,max,2.9650860180051433e-4
4,h08_princeton,max,7.319310118613489e-4
5,h08_princeton,max,0.05059490798009314
6,h08_princeton,max,0.05065480090438941
7,h08_princeton,max,0.10556188509069798
8,h08_princeton,max,0.20714093416607796
9,h08_princeton,max,0.10247748410334592
10,h08_princeton,max,0.07263403138178433
11,h08_princeton,max,0.06637613325089152
12,h08_princeton,max,0.0053398618342222325
1,lpjml_gswp3,max,0.012018194458157827
2,lpjml_gswp3,max,0.006953703435674523
3,lpjml_gswp3,max,0.010942471571864022
4,lpjml_gswp3,max,0.018623434960171836
5,lpjml_gswp3,max,0.049806896386360475
6,lpjml_gswp3,max,0.06123478650281496
7,lpjml_gswp3,max,0.0823615753273278
8,lpjml_gswp3,max,0.1856529537322027
9,lpjml_gswp3,max,0.0827801443124288
10,lpjml_gswp3,max,0.057703454863805105
11,lpjml_gswp3,max,0.03788767389934264
12,lpjml_gswp3,max,0.01074359115946189
1,lpjml_princeton,max,0.0075993515607937915
2,lpjml_princeton,max,0.0034014329993576
3,lpjml_princeton,max,0.0057957958628542415
4,lpjml_princeton,max,0.009914418330738441
5,lpjml_princeton,max,0.04597460909163325
6,lpjml_princeton,max,0.04265159688927268
7,lpjml_princeton,max,0.05309675365873069
8,lpjml_princeton,max,0.13217007709104053
9,lpjml_princeton,max,0.09014963133489227
10,lpjml_princeton,max,0.04862635402196122
11,lpjml_princeton,max,0.05573544060518193
12,lpjml_princeton,max,0.014241722131234884
1,lpjml_wfdei,max,0.025109453325156447
2,lpjml_wfdei,max,0.01410005444048392
3,lpjml_wfdei,max,0.010338164772143646
4,lpjml_wfdei,max,0.019385146493733848
5,lpjml_wfdei,max,0.050308734602445684
6,lpjml_wfdei,max,0.06339636536236541
7,lpjml_wfdei,max,0.14519985938158272
8,lpjml_wfdei,max,0.2036510541935742
9,lpjml_wfdei,max,0.11565872985940895
10,lpjml_wfdei,max,0.08474465052424518
11,lpjml_wfdei,max,0.06131154274989706
12,lpjml_wfdei,max,0.021089954333041276
1,matsiro_gswp3,max,0.020920072478353497
2,matsiro_gswp3,max,0.015827884122818863
3,matsiro_gswp3,max,0.01128899867656628
4,matsiro_gswp3,max,0.006374986053657246
5,matsiro_gswp3,max,0.004822451229133768
6,matsiro_gswp3,max,0.005535262785596615
7,matsiro_gswp3,max,0.022376220629595597
8,matsiro_gswp3,max,0.2069744139990082
9,matsiro_gswp3,max,0.06872926427252309
10,matsiro_gswp3,max,0.0665971264785469
11,matsiro_gswp3,max,0.02947584417651474
12,matsiro_gswp3,max,0.020851043539068158
1,matsiro_princeton,max,0.014388097328082211
2,matsiro_princeton,max,0.009056864968844018
3,matsiro_princeton,max,0.005685802358738085
4,matsiro_princeton,max,0.003912259441954101
5,matsiro_princeton,max,0.004008463166249468
6,matsiro_princeton,max,0.004904664501439308
7,matsiro_princeton,max,0.011045654799975815
8,matsiro_princeton,max,0.12831975102629234
9,matsiro_princeton,max,0.1014428709976406
10,matsiro_princeton,max,0.06483285793192264
11,matsiro_princeton,max,0.09191920540211093
12,matsiro_princeton,max,0.023034999346470426
1,matsiro_wfdei,max,0.03279606869370093
2,matsiro_wfdei,max,0.022906905327050527
3,matsiro_wfdei,max,0.010877005564081303
4,matsiro_wfdei,max,0.007275350049994483
5,matsiro_wfdei,max,0.01541670170302816
6,matsiro_wfdei,max,0.023907803221495844
7,matsiro_wfdei,max,0.1457374183871871
8,matsiro_wfdei,max,0.2044722207172972
9,matsiro_wfdei,max,0.11904483201959637
10,matsiro_wfdei,max,0.08083214009915089
11,matsiro_wfdei,max,0.06579114929438767
12,matsiro_wfdei,max,0.03375087945170704
1,pcr-globwb_gswp3,max,0.019546711030144978
2,pcr-globwb_gswp3,max,0.017204723888623975
3,pcr-globwb_gswp3,max,0.012691833206421628
4,pcr-globwb_gswp3,max,0.007408570071316258
5,pcr-globwb_gswp3,max,0.0037996877864241033
6,pcr-globwb_gswp3,max,0.021337761021459317
7,pcr-globwb_gswp3,max,0.03665392996981056
8,pcr-globwb_gswp3,max,0.05509510085923496
9,pcr-globwb_gswp3,max,0.047254954701627695
10,pcr-globwb_gswp3,max,0.04663821994860117
11,pcr-globwb_gswp3,max,0.026834463306244453
12,pcr-globwb_gswp3,max,0.02109527814853428
1,pcr-globwb_wfdei,max,0.018662592903765766
2,pcr-globwb_wfdei,max,0.016309881521370865
3,pcr-globwb_wfdei,max,0.011248389718827027
4,pcr-globwb_wfdei,max,0.006331977605623306
5,pcr-globwb_wfdei,max,0.005143597020604516
6,pcr-globwb_wfdei,max,0.01421138804592263
7,pcr-globwb_wfdei,max,0.04168853970572199
8,pcr-globwb_wfdei,max,0.05473681356502551
9,pcr-globwb_wfdei,max,0.04515763209968995
10,pcr-globwb_wfdei,max,0.04923610469744667
11,pcr-globwb_wfdei,max,0.027592898909525657
12,pcr-globwb_wfdei,max,0.0200769772317944
1,vegas_gswp3,max,0.00958597005172125
2,vegas_gswp3,max,0.006301421369422867
3,vegas_gswp3,max,0.0018724496428948472
4,vegas_gswp3,max,0.0031734763686670307
5,vegas_gswp3,max,0.019162979018175562
6,vegas_gswp3,max,0.04039588547089752
7,vegas_gswp3,max,0.12255321756662275
8,vegas_gswp3,max,0.15586278227377295
9,vegas_gswp3,max,0.07494148323305166
10,vegas_gswp3,max,0.04890813936140326
11,vegas_gswp3,max,0.02969133311966626
12,vegas_gswp3,max,0.018933647395842742
1,vegas_wfdei,max,0.00976978331584855
2,vegas_wfdei,max,0.0062241471869854785
3,vegas_wfdei,max,0.0018164651933045542
4,vegas_wfdei,max,0.0024345632482954157
5,vegas_wfdei,max,0.01732885857013184
6,vegas_wfdei,max,0.0411288384114439
7,vegas_wfdei,max,0.12483414161164144
8,vegas_wfdei,max,0.1586867973493869
9,vegas_wfdei,max,0.0761079646669052
10,vegas_wfdei,max,0.053797679387164156
11,vegas_wfdei,max,0.032925934506291485
12,vegas_wfdei,max,0.019459275932171206
1,vic_princeton,max,0.01569104742872983
2,vic_princeton,max,0.010210697353000843
3,vic_princeton,max,0.011760736067296395
4,vic_princeton,max,0.012064778987152759
5,vic_princeton,max,0.030449555851638405
6,vic_princeton,max,0.03185419471586831
7,vic_princeton,max,0.03872584553131564
8,vic_princeton,max,0.09615500498039024
9,vic_princeton,max,0.08446475687054264
10,vic_princeton,max,0.05034768444156803
11,vic_princeton,max,0.0331463176668374
12,vic_princeton,max,0.03344479665065662
1,watergap2_princeton,max,0.007668750971775808
2,watergap2_princeton,max,0.003515405929777349
3,watergap2_princeton,max,0.0036498008266186797
4,watergap2_princeton,max,0.0037534837341485225
5,watergap2_princeton,max,0.035822554892667974
6,watergap2_princeton,max,0.030621230606389122
7,watergap2_princeton,max,0.05109401110883744
8,watergap2_princeton,max,0.10579228189623449
9,watergap2_princeton,max,0.06707213522583318
10,watergap2_princeton,max,0.04156642125755777
11,watergap2_princeton,max,0.036030762273063316
12,watergap2_princeton,max,0.009853554633385131
1,watergap2_wfdei,max,0.02079505657562328
2,watergap2_wfdei,max,0.015540598186650203
3,watergap2_wfdei,max,0.004950930013139877
4,watergap2_wfdei,max,0.010440672232438348
5,watergap2_wfdei,max,0.027462017204931376
6,watergap2_wfdei,max,0.04400400153113332
7,watergap2_wfdei,max,0.06701270882145123
8,watergap2_wfdei,max,0.08371005571343844
9,watergap2_wfdei,max,0.07048436250122338
10,watergap2_wfdei,max,0.05266012303498547
11,watergap2_wfdei,max,0.049474436915251524
12,watergap2_wfdei,max,0.01624350877267622
1,LORA,max,0.014032056876107236
2,LORA,max,0.008995844621421435
3,LORA,max,0.007407318585908807
4,LORA,max,0.0067807989207084455
5,LORA,max,0.011279181176604315
6,LORA,max,0.024028131056459453
7,LORA,max,0.04017246432724875
8,LORA,max,0.05303456472465994
9,LORA,max,0.062310238395923236
10,LORA,max,0.051157938058275315
11,LORA,max,0.044734772960866906
12,LORA,max,0.022809974380535756
