Month,Prediction,Stat,Value
1,caraib_gswp3,min,2.4233487980942634e-5
2,caraib_gswp3,min,4.41941403460871e-6
3,caraib_gswp3,min,1.3177623172440862e-6
4,caraib_gswp3,min,9.952843783044566e-7
5,caraib_gswp3,min,2.8568619593375175e-6
6,caraib_gswp3,min,1.051718013929894e-4
7,caraib_gswp3,min,6.548501673632088e-4
8,caraib_gswp3,min,0.0046209630671779686
9,caraib_gswp3,min,0.010271657594577712
10,caraib_gswp3,min,0.0051449898557125754
11,caraib_gswp3,min,8.311137127137147e-4
12,caraib_gswp3,min,1.392152234989535e-4
1,caraib_princeton,min,1.1360019707290573e-5
2,caraib_princeton,min,2.7384978371733523e-6
3,caraib_princeton,min,1.0865309955009986e-6
4,caraib_princeton,min,9.436145918823282e-7
5,caraib_princeton,min,5.987830351223599e-6
6,caraib_princeton,min,6.577818436689487e-5
7,caraib_princeton,min,0.0010297308126446009
8,caraib_princeton,min,0.006500863198462984
9,caraib_princeton,min,0.016974068395543693
10,caraib_princeton,min,0.003397378948154627
11,caraib_princeton,min,5.372190148674454e-4
12,caraib_princeton,min,7.043212589527911e-5
1,caraib_wfdei,min,3.086261071925459e-5
2,caraib_wfdei,min,1.0095760186663235e-5
3,caraib_wfdei,min,5.973172172062766e-6
4,caraib_wfdei,min,4.734563200167716e-6
5,caraib_wfdei,min,8.600634344252785e-6
6,caraib_wfdei,min,1.9147130167313834e-4
7,caraib_wfdei,min,0.0025842214711849537
8,caraib_wfdei,min,0.017494432055863162
9,caraib_wfdei,min,0.02753888763060653
10,caraib_wfdei,min,0.006482540649897428
11,caraib_wfdei,min,0.0014987898475530119
12,caraib_wfdei,min,3.663789823152562e-4
1,dbh_gswp3,min,0.008657016298497808
2,dbh_gswp3,min,0.0037158116402839962
3,dbh_gswp3,min,0.0033060230776059294
4,dbh_gswp3,min,0.003683010561258672
5,dbh_gswp3,min,0.004269455586737664
6,dbh_gswp3,min,0.004916187456821836
7,dbh_gswp3,min,0.004092914824391855
8,dbh_gswp3,min,0.005140047978437538
9,dbh_gswp3,min,0.006042717889600144
10,dbh_gswp3,min,0.0037603433639600897
11,dbh_gswp3,min,0.003702712880923295
12,dbh_gswp3,min,0.0035454649536089847
1,dbh_princeton,min,0.008578775160880108
2,dbh_princeton,min,0.002960559434932019
3,dbh_princeton,min,0.003042455066402536
4,dbh_princeton,min,0.0033006430064430456
5,dbh_princeton,min,0.0034341859395792774
6,dbh_princeton,min,0.0032550738641339548
7,dbh_princeton,min,0.004204962080809169
8,dbh_princeton,min,0.004401190916121769
9,dbh_princeton,min,0.005415355916231195
10,dbh_princeton,min,0.003021475076973304
11,dbh_princeton,min,0.003684522006383151
12,dbh_princeton,min,0.0027802966148482216
1,dbh_wfdei,min,0.00946608195116305
2,dbh_wfdei,min,0.004571691078587056
3,dbh_wfdei,min,0.0038270584913140545
4,dbh_wfdei,min,0.003921984670682929
5,dbh_wfdei,min,0.004805937874639978
6,dbh_wfdei,min,0.004198003216495693
7,dbh_wfdei,min,0.00440884398316594
8,dbh_wfdei,min,0.005415710356804515
9,dbh_wfdei,min,0.005726399321085334
10,dbh_wfdei,min,0.0038993440775201044
11,dbh_wfdei,min,0.0038860726309129616
12,dbh_wfdei,min,0.003722668619122071
1,dlem_gswp3,min,2.240122435511282e-4
2,dlem_gswp3,min,1.9582083471050057e-4
3,dlem_gswp3,min,1.5631234019194905e-4
4,dlem_gswp3,min,1.5383117523155453e-4
5,dlem_gswp3,min,1.7190811666262072e-4
6,dlem_gswp3,min,1.5566250998887515e-4
7,dlem_gswp3,min,1.4567885316849313e-4
8,dlem_gswp3,min,1.8998505809368694e-4
9,dlem_gswp3,min,1.7983597228769045e-4
10,dlem_gswp3,min,2.1904992712153023e-4
11,dlem_gswp3,min,3.362310269724467e-4
12,dlem_gswp3,min,2.6477396179596415e-4
1,dlem_princeton,min,6.592765327340463e-5
2,dlem_princeton,min,6.239581458472946e-5
3,dlem_princeton,min,5.9193106994818835e-5
4,dlem_princeton,min,1.1390832575988139e-4
5,dlem_princeton,min,1.1874066805414991e-4
6,dlem_princeton,min,9.962401448759477e-5
7,dlem_princeton,min,9.534697636576016e-5
8,dlem_princeton,min,1.0527156875138273e-4
9,dlem_princeton,min,1.2233241437703004e-4
10,dlem_princeton,min,8.825798276825766e-5
11,dlem_princeton,min,1.1500712931251198e-4
12,dlem_princeton,min,6.982659401827476e-5
1,dlem_wfdei,min,2.754074488194201e-4
2,dlem_wfdei,min,2.3898776250967904e-4
3,dlem_wfdei,min,1.928206636274026e-4
4,dlem_wfdei,min,1.900913956621597e-4
5,dlem_wfdei,min,1.9778296656580948e-4
6,dlem_wfdei,min,1.7470826734605137e-4
7,dlem_wfdei,min,1.6162908370367704e-4
8,dlem_wfdei,min,2.052263939910375e-4
9,dlem_wfdei,min,1.9741668072667775e-4
10,dlem_wfdei,min,5.206866933998424e-4
11,dlem_wfdei,min,4.336574478459714e-4
12,dlem_wfdei,min,3.328283057284644e-4
1,h08_gswp3,min,6.726517670745389e-5
2,h08_gswp3,min,4.733324540182254e-6
3,h08_gswp3,min,1.4639389515188399e-6
4,h08_gswp3,min,2.059597279215997e-5
5,h08_gswp3,min,4.154384981370894e-5
6,h08_gswp3,min,0.001010653944600683
7,h08_gswp3,min,0.0027684934415539474
8,h08_gswp3,min,0.006114048515333373
9,h08_gswp3,min,0.017349616530997345
10,h08_gswp3,min,0.0025753848489254855
11,h08_gswp3,min,0.0010056026267832121
12,h08_gswp3,min,2.5228538202761076e-4
1,h08_princeton,min,4.207971992532261e-5
2,h08_princeton,min,1.608003371182579e-6
3,h08_princeton,min,1.2162809451778832e-6
4,h08_princeton,min,1.7892530339534313e-5
5,h08_princeton,min,4.979526467560724e-5
6,h08_princeton,min,5.657035063441429e-4
7,h08_princeton,min,0.0015212673591974788
8,h08_princeton,min,0.0033840630345815252
9,h08_princeton,min,0.012055050594752679
10,h08_princeton,min,0.0019214517048056457
11,h08_princeton,min,4.649069859267839e-4
12,h08_princeton,min,1.1438138088560199e-4
1,lpjml_gswp3,min,2.5691677303002415e-4
2,lpjml_gswp3,min,3.5540557124013315e-4
3,lpjml_gswp3,min,4.931870049107419e-4
4,lpjml_gswp3,min,4.913624562225587e-4
5,lpjml_gswp3,min,7.357879242636215e-4
6,lpjml_gswp3,min,0.003921506758728402
7,lpjml_gswp3,min,0.00641818270345739
8,lpjml_gswp3,min,0.01173375043089615
9,lpjml_gswp3,min,0.016157673896139476
10,lpjml_gswp3,min,0.0014599605805430027
11,lpjml_gswp3,min,2.446567880041476e-4
12,lpjml_gswp3,min,1.9454729325037702e-4
1,lpjml_princeton,min,2.3450477460967628e-4
2,lpjml_princeton,min,2.3628339928325888e-4
3,lpjml_princeton,min,3.0473443819969395e-4
4,lpjml_princeton,min,5.375966063247425e-4
5,lpjml_princeton,min,9.205685125381496e-4
6,lpjml_princeton,min,0.00553853631942659
7,lpjml_princeton,min,0.00426273589426051
8,lpjml_princeton,min,0.011011166551248796
9,lpjml_princeton,min,0.013093837774177846
10,lpjml_princeton,min,9.307587869506607e-4
11,lpjml_princeton,min,3.053289140455687e-4
12,lpjml_princeton,min,1.7869554841042922e-4
1,lpjml_wfdei,min,5.337185364525477e-4
2,lpjml_wfdei,min,5.392565624811612e-4
3,lpjml_wfdei,min,5.938454294957122e-4
4,lpjml_wfdei,min,6.296305441395453e-4
5,lpjml_wfdei,min,7.158101144761599e-4
6,lpjml_wfdei,min,0.004384843477937389
7,lpjml_wfdei,min,0.009099326186861965
8,lpjml_wfdei,min,0.01489329759576173
9,lpjml_wfdei,min,0.018254568504121677
10,lpjml_wfdei,min,0.001509097009645458
11,lpjml_wfdei,min,7.519404956833468e-4
12,lpjml_wfdei,min,1.906231509604793e-4
1,matsiro_gswp3,min,0.00125083697267956
2,matsiro_gswp3,min,0.0010559439811477127
3,matsiro_gswp3,min,9.43328367830548e-4
4,matsiro_gswp3,min,0.001034727518120385
5,matsiro_gswp3,min,9.651374719017572e-4
6,matsiro_gswp3,min,9.717783758227219e-4
7,matsiro_gswp3,min,8.147503009590375e-4
8,matsiro_gswp3,min,0.0011301694927084746
9,matsiro_gswp3,min,0.0013235700347129513
10,matsiro_gswp3,min,0.0014256576621212828
11,matsiro_gswp3,min,0.0013318869762901592
12,matsiro_gswp3,min,0.0013889406839238396
1,matsiro_princeton,min,0.0015012077927917796
2,matsiro_princeton,min,0.0012724359379577552
3,matsiro_princeton,min,0.0012067001631501722
4,matsiro_princeton,min,0.0012557259644853755
5,matsiro_princeton,min,0.0014438009397391262
6,matsiro_princeton,min,0.0011396731194573226
7,matsiro_princeton,min,0.0010801658498402961
8,matsiro_princeton,min,0.0013876768291389463
9,matsiro_princeton,min,0.0017597937769353363
10,matsiro_princeton,min,0.00171116828622329
11,matsiro_princeton,min,0.0019115806859399934
12,matsiro_princeton,min,0.0016906523937688692
1,matsiro_wfdei,min,1.3622577791280252e-4
2,matsiro_wfdei,min,1.681819171289566e-4
3,matsiro_wfdei,min,1.7829975733630004e-4
4,matsiro_wfdei,min,2.079826173561546e-4
5,matsiro_wfdei,min,2.729840261570544e-4
6,matsiro_wfdei,min,2.831557636729552e-4
7,matsiro_wfdei,min,2.5741583917224e-4
8,matsiro_wfdei,min,2.9695285406883655e-4
9,matsiro_wfdei,min,3.3396707018921686e-4
10,matsiro_wfdei,min,3.0191518398962566e-4
11,matsiro_wfdei,min,3.642463757688508e-4
12,matsiro_wfdei,min,4.386667810766513e-4
1,pcr-globwb_gswp3,min,8.438806967021906e-4
2,pcr-globwb_gswp3,min,6.93440208572132e-4
3,pcr-globwb_gswp3,min,5.176020674602818e-4
4,pcr-globwb_gswp3,min,5.768204097281059e-4
5,pcr-globwb_gswp3,min,6.360765812958536e-4
6,pcr-globwb_gswp3,min,9.322024523309115e-4
7,pcr-globwb_gswp3,min,0.001103878075296819
8,pcr-globwb_gswp3,min,0.0015588623441135474
9,pcr-globwb_gswp3,min,0.0017925378691693353
10,pcr-globwb_gswp3,min,0.0013260606165247533
11,pcr-globwb_gswp3,min,0.0012813662430484177
12,pcr-globwb_gswp3,min,9.509960053611364e-4
1,pcr-globwb_wfdei,min,8.45968809300255e-4
2,pcr-globwb_wfdei,min,6.444108455624705e-4
3,pcr-globwb_wfdei,min,5.193772383889354e-4
4,pcr-globwb_wfdei,min,5.650459456885524e-4
5,pcr-globwb_wfdei,min,6.469377996255543e-4
6,pcr-globwb_wfdei,min,8.898960736490387e-4
7,pcr-globwb_wfdei,min,0.0010796424995540494
8,pcr-globwb_wfdei,min,0.0015433350624202338
9,pcr-globwb_wfdei,min,0.0017854844585884334
10,pcr-globwb_wfdei,min,0.0012937801895474496
11,pcr-globwb_wfdei,min,0.0012571922950667218
12,pcr-globwb_wfdei,min,9.03997930052507e-4
1,vegas_gswp3,min,1.445087913828615e-4
2,vegas_gswp3,min,9.060511466354033e-5
3,vegas_gswp3,min,3.880773115152631e-5
4,vegas_gswp3,min,3.924239134664343e-5
5,vegas_gswp3,min,3.895961150351876e-5
6,vegas_gswp3,min,1.940913573469159e-4
7,vegas_gswp3,min,8.596670964082675e-4
8,vegas_gswp3,min,0.0025457889318575293
9,vegas_gswp3,min,0.008404441927401293
10,vegas_gswp3,min,0.0021299605802894152
11,vegas_gswp3,min,3.578841923814764e-4
12,vegas_gswp3,min,1.8472379823473653e-4
1,vegas_wfdei,min,3.9191495938040355e-5
2,vegas_wfdei,min,1.1314275232961909e-5
3,vegas_wfdei,min,6.80008222786648e-6
4,vegas_wfdei,min,3.2913703089124134e-5
5,vegas_wfdei,min,5.234163742954686e-5
6,vegas_wfdei,min,2.030963499914555e-4
7,vegas_wfdei,min,5.843619350417828e-4
8,vegas_wfdei,min,0.0038682853558885417
9,vegas_wfdei,min,0.009034995751419032
10,vegas_wfdei,min,0.0025803256443469045
11,vegas_wfdei,min,5.188174903480591e-4
12,vegas_wfdei,min,1.229645556498268e-4
1,vic_princeton,min,8.66004199491452e-4
2,vic_princeton,min,3.070573784705365e-4
3,vic_princeton,min,1.482166406580529e-4
4,vic_princeton,min,1.373724886851295e-4
5,vic_princeton,min,3.372909219298635e-4
6,vic_princeton,min,0.0010393372962346108
7,vic_princeton,min,0.004979970786449341
8,vic_princeton,min,0.011132638214140652
9,vic_princeton,min,0.022622528349974483
10,vic_princeton,min,0.01331410122045017
11,vic_princeton,min,0.005686372575950781
12,vic_princeton,min,0.0021148253723573943
1,watergap2_princeton,min,1.6091869154362843e-4
2,watergap2_princeton,min,1.1909674106159754e-4
3,watergap2_princeton,min,8.817031026271082e-5
4,watergap2_princeton,min,7.33112337747878e-5
5,watergap2_princeton,min,1.2874296970067116e-4
6,watergap2_princeton,min,2.6967296406559725e-4
7,watergap2_princeton,min,4.4374421784014657e-4
8,watergap2_princeton,min,5.996756747241632e-4
9,watergap2_princeton,min,7.36891449733147e-4
10,watergap2_princeton,min,4.337872870693896e-4
11,watergap2_princeton,min,3.0759252005782924e-4
12,watergap2_princeton,min,2.2036421197886108e-4
1,watergap2_wfdei,min,2.5782734748403354e-4
2,watergap2_wfdei,min,1.9111997756496784e-4
3,watergap2_wfdei,min,1.4096365488679112e-4
4,watergap2_wfdei,min,1.0383902011262173e-4
5,watergap2_wfdei,min,1.2619390357532817e-4
6,watergap2_wfdei,min,1.0603699822563897e-4
7,watergap2_wfdei,min,1.7065405648248631e-4
8,watergap2_wfdei,min,8.091736361590327e-4
9,watergap2_wfdei,min,0.0016945213435958614
10,watergap2_wfdei,min,5.747123841319362e-4
11,watergap2_wfdei,min,4.897924053638188e-4
12,watergap2_wfdei,min,3.530210571729813e-4
1,LORA,min,1.0505009735782154e-4
2,LORA,min,4.0844130534961896e-4
3,LORA,min,5.447444552435419e-4
4,LORA,min,5.321195604800289e-4
5,LORA,min,3.7909391728835925e-4
6,LORA,min,0
7,LORA,min,0
8,LORA,min,0
9,LORA,min,0
10,LORA,min,0
11,LORA,min,0
12,LORA,min,0
1,caraib_gswp3,mean,3.3392330598783606e-4
2,caraib_gswp3,mean,3.37676603042641e-5
3,caraib_gswp3,mean,1.2519366377975735e-4
4,caraib_gswp3,mean,3.773726703871452e-4
5,caraib_gswp3,mean,0.0011832080126066384
6,caraib_gswp3,mean,0.006812594043756904
7,caraib_gswp3,mean,0.013348765793185108
8,caraib_gswp3,mean,0.03244027846706065
9,caraib_gswp3,mean,0.043495501700956486
10,caraib_gswp3,mean,0.023248556389915343
11,caraib_gswp3,mean,0.007357335412721836
12,caraib_gswp3,mean,0.0018577426114691638
1,caraib_princeton,mean,1.1065639966973667e-4
2,caraib_princeton,mean,1.533651300444242e-5
3,caraib_princeton,mean,5.393198253113597e-4
4,caraib_princeton,mean,0.001412760879440932
5,caraib_princeton,mean,0.001773923128270384
6,caraib_princeton,mean,0.006585537479199711
7,caraib_princeton,mean,0.01639566082003178
8,caraib_princeton,mean,0.03488442346948389
9,caraib_princeton,mean,0.04484221413638451
10,caraib_princeton,mean,0.027079182740049265
11,caraib_princeton,mean,0.008866559891188432
12,caraib_princeton,mean,0.0012335104016865724
1,caraib_wfdei,mean,9.861012415464552e-4
2,caraib_wfdei,mean,1.67627908068711e-4
3,caraib_wfdei,mean,3.830178289105086e-4
4,caraib_wfdei,mean,1.2290928102486452e-4
5,caraib_wfdei,mean,0.003982321571275113
6,caraib_wfdei,mean,0.013760998177881087
7,caraib_wfdei,mean,0.02515451118979362
8,caraib_wfdei,mean,0.04852038720980862
9,caraib_wfdei,mean,0.05604429360509508
10,caraib_wfdei,mean,0.03279454655820143
11,caraib_wfdei,mean,0.012302489733162685
12,caraib_wfdei,mean,0.003358899662204711
1,dbh_gswp3,mean,0.012542442150915128
2,dbh_gswp3,mean,0.005710703971529421
3,dbh_gswp3,mean,0.006759139306135754
4,dbh_gswp3,mean,0.01445586175096362
5,dbh_gswp3,mean,0.02598357882306435
6,dbh_gswp3,mean,0.013663767908808173
7,dbh_gswp3,mean,0.01651202334455923
8,dbh_gswp3,mean,0.015553866495564
9,dbh_gswp3,mean,0.01386428276602678
10,dbh_gswp3,mean,0.0077297530252037104
11,dbh_gswp3,mean,0.006779372790184525
12,dbh_gswp3,mean,0.005992854420207788
1,dbh_princeton,mean,0.010718964317933087
2,dbh_princeton,mean,0.004695252365090385
3,dbh_princeton,mean,0.006371134867239402
4,dbh_princeton,mean,0.013287094791494624
5,dbh_princeton,mean,0.017570399787467366
6,dbh_princeton,mean,0.011913134715406629
7,dbh_princeton,mean,0.012525009135941899
8,dbh_princeton,mean,0.014082139362215921
9,dbh_princeton,mean,0.014748238549499575
10,dbh_princeton,mean,0.0068304499918884955
11,dbh_princeton,mean,0.008518620594705702
12,dbh_princeton,mean,0.004992490606419871
1,dbh_wfdei,mean,0.013926212082204677
2,dbh_wfdei,mean,0.006815941354486605
3,dbh_wfdei,mean,0.007680002110120699
4,dbh_wfdei,mean,0.012119703145635149
5,dbh_wfdei,mean,0.029229038637748308
6,dbh_wfdei,mean,0.01828188261857857
7,dbh_wfdei,mean,0.0196449702624588
8,dbh_wfdei,mean,0.01936500437760211
9,dbh_wfdei,mean,0.015454082386507762
10,dbh_wfdei,mean,0.009412696919322302
11,dbh_wfdei,mean,0.008213531079148465
12,dbh_wfdei,mean,0.007289567902305675
1,dlem_gswp3,mean,0.0012239503772055313
2,dlem_gswp3,mean,8.254298954772933e-4
3,dlem_gswp3,mean,8.08863162703039e-4
4,dlem_gswp3,mean,7.214133228574294e-4
5,dlem_gswp3,mean,9.40629813573748e-4
6,dlem_gswp3,mean,3.1261610504553725e-4
7,dlem_gswp3,mean,9.281886668097228e-4
8,dlem_gswp3,mean,0.004730822869960464
9,dlem_gswp3,mean,0.011087455759387197
10,dlem_gswp3,mean,0.008387680800726134
11,dlem_gswp3,mean,0.004589947166846876
12,dlem_gswp3,mean,0.0020620468120551125
1,dlem_princeton,mean,7.682520833882635e-4
2,dlem_princeton,mean,8.018450712173116e-4
3,dlem_princeton,mean,6.88881931730919e-4
4,dlem_princeton,mean,0.0016218385494033338
5,dlem_princeton,mean,2.999973980168351e-4
6,dlem_princeton,mean,4.269090228417922e-4
7,dlem_princeton,mean,3.0283299579311583e-4
8,dlem_princeton,mean,0.0029114855828645727
9,dlem_princeton,mean,0.005875032784572646
10,dlem_princeton,mean,0.005524152118531991
11,dlem_princeton,mean,0.003908951094012163
12,dlem_princeton,mean,0.0013043838954410495
1,dlem_wfdei,mean,0.001431489553949611
2,dlem_wfdei,mean,9.872077175394805e-4
3,dlem_wfdei,mean,0.0011001943126421286
4,dlem_wfdei,mean,5.224857852222059e-4
5,dlem_wfdei,mean,0.00108814295404674
6,dlem_wfdei,mean,8.258445566804534e-4
7,dlem_wfdei,mean,7.725409323733713e-4
8,dlem_wfdei,mean,0.0061905711682974625
9,dlem_wfdei,mean,0.013461877097823028
10,dlem_wfdei,mean,0.011663664588800035
11,dlem_wfdei,mean,0.006253759612958721
12,dlem_wfdei,mean,0.002615192207730065
1,h08_gswp3,mean,3.0403930483625735e-4
2,h08_gswp3,mean,4.9485043994591896e-5
3,h08_gswp3,mean,6.226089776018876e-5
4,h08_gswp3,mean,1.8208449676980704e-4
5,h08_gswp3,mean,0.006396025322471083
6,h08_gswp3,mean,0.012610151303419833
7,h08_gswp3,mean,0.020604664218069377
8,h08_gswp3,mean,0.046247886260133826
9,h08_gswp3,mean,0.04461126315613174
10,h08_gswp3,mean,0.014974826798178933
11,h08_gswp3,mean,0.006524870860249536
12,h08_gswp3,mean,0.0011121427883220342
1,h08_princeton,mean,1.307021700758155e-4
2,h08_princeton,mean,1.1925541020644187e-5
3,h08_princeton,mean,2.7313117517865892e-5
4,h08_princeton,mean,2.260731931925318e-4
5,h08_princeton,mean,0.006902840068044393
6,h08_princeton,mean,0.010539087181115469
7,h08_princeton,mean,0.017807981920623276
8,h08_princeton,mean,0.03940992169927861
9,h08_princeton,mean,0.04196865974671528
10,h08_princeton,mean,0.014618928595056969
11,h08_princeton,mean,0.004465157935580973
12,h08_princeton,mean,8.36338633621948e-4
1,lpjml_gswp3,mean,0.0010243262441768665
2,lpjml_gswp3,mean,8.219151757610407e-4
3,lpjml_gswp3,mean,0.0015721122210043145
4,lpjml_gswp3,mean,0.004598895041515745
5,lpjml_gswp3,mean,0.01561327616315881
6,lpjml_gswp3,mean,0.015045102906751085
7,lpjml_gswp3,mean,0.018561574513532873
8,lpjml_gswp3,mean,0.02878074952902679
9,lpjml_gswp3,mean,0.03236590712112027
10,lpjml_gswp3,mean,0.016913499590440407
11,lpjml_gswp3,mean,0.006529013404531346
12,lpjml_gswp3,mean,0.0019621616843325048
1,lpjml_princeton,mean,5.571914578590763e-4
2,lpjml_princeton,mean,5.205046972315225e-4
3,lpjml_princeton,mean,0.0012828669802144982
4,lpjml_princeton,mean,0.0048637346420039055
5,lpjml_princeton,mean,0.015167588610739953
6,lpjml_princeton,mean,0.01337790650294388
7,lpjml_princeton,mean,0.016714244470495163
8,lpjml_princeton,mean,0.024945197329152884
9,lpjml_princeton,mean,0.02736240152377422
10,lpjml_princeton,mean,0.014010267987956368
11,lpjml_princeton,mean,0.005312178927080344
12,lpjml_princeton,mean,8.564960636492492e-4
1,lpjml_wfdei,mean,0.002175463553212818
2,lpjml_wfdei,mean,0.0010768065486458408
3,lpjml_wfdei,mean,0.0016725206470720828
4,lpjml_wfdei,mean,0.004070416463460619
5,lpjml_wfdei,mean,0.016547968203000737
6,lpjml_wfdei,mean,0.016826796329839532
7,lpjml_wfdei,mean,0.023118975452653075
8,lpjml_wfdei,mean,0.039639562929789846
9,lpjml_wfdei,mean,0.048206296695319215
10,lpjml_wfdei,mean,0.028315358964845203
11,lpjml_wfdei,mean,0.012617772121535843
12,lpjml_wfdei,mean,0.005180067321292796
1,matsiro_gswp3,mean,0.0029095409360988854
2,matsiro_gswp3,mean,0.0023616563170783846
3,matsiro_gswp3,mean,0.002053879453384979
4,matsiro_gswp3,mean,0.0019734898435801065
5,matsiro_gswp3,mean,0.0020695831809705825
6,matsiro_gswp3,mean,0.0017522896013746961
7,matsiro_gswp3,mean,0.00187344613702418
8,matsiro_gswp3,mean,0.002730081681039307
9,matsiro_gswp3,mean,0.004901962860259722
10,matsiro_gswp3,mean,0.004990101834532799
11,matsiro_gswp3,mean,0.004252730721688517
12,matsiro_gswp3,mean,0.003579508935599381
1,matsiro_princeton,mean,0.0035804077511312027
2,matsiro_princeton,mean,0.0028939879995565224
3,matsiro_princeton,mean,0.0025520598152578666
4,matsiro_princeton,mean,0.0024387846796659215
5,matsiro_princeton,mean,0.0025317854475035003
6,matsiro_princeton,mean,0.002243034811318994
7,matsiro_princeton,mean,0.002284724950165464
8,matsiro_princeton,mean,0.003556998073730445
9,matsiro_princeton,mean,0.006593451273462188
10,matsiro_princeton,mean,0.0070309590371019645
11,matsiro_princeton,mean,0.0060281772456964216
12,matsiro_princeton,mean,0.0044758653929373735
1,matsiro_wfdei,mean,0.006780706384646438
2,matsiro_wfdei,mean,0.0049158653499117334
3,matsiro_wfdei,mean,0.004098241926777411
4,matsiro_wfdei,mean,0.0037498920103778235
5,matsiro_wfdei,mean,0.004059527621242524
6,matsiro_wfdei,mean,0.004542174915724782
7,matsiro_wfdei,mean,0.007879755322818722
8,matsiro_wfdei,mean,0.019491891360766473
9,matsiro_wfdei,mean,0.032857554413488324
10,matsiro_wfdei,mean,0.025296590599240134
11,matsiro_wfdei,mean,0.014934248880756788
12,matsiro_wfdei,mean,0.009400779064157842
1,pcr-globwb_gswp3,mean,0.0018473983366925444
2,pcr-globwb_gswp3,mean,0.0012950294240322959
3,pcr-globwb_gswp3,mean,0.0010524803502891381
4,pcr-globwb_gswp3,mean,8.239974643156734e-4
5,pcr-globwb_gswp3,mean,0.001260950729207127
6,pcr-globwb_gswp3,mean,0.0015838641821521796
7,pcr-globwb_gswp3,mean,0.002078433369971849
8,pcr-globwb_gswp3,mean,0.0060172602817649785
9,pcr-globwb_gswp3,mean,0.016541016154229465
10,pcr-globwb_gswp3,mean,0.018255460662062014
11,pcr-globwb_gswp3,mean,0.009876603110426195
12,pcr-globwb_gswp3,mean,0.003273872440038415
1,pcr-globwb_wfdei,mean,0.0018113645399604281
2,pcr-globwb_wfdei,mean,0.001286461602340435
3,pcr-globwb_wfdei,mean,0.0010755743948391901
4,pcr-globwb_wfdei,mean,7.923942349415394e-4
5,pcr-globwb_wfdei,mean,0.0013108461810247285
6,pcr-globwb_wfdei,mean,0.001559008640514574
7,pcr-globwb_wfdei,mean,0.0019573776840894003
8,pcr-globwb_wfdei,mean,0.005518820367432224
9,pcr-globwb_wfdei,mean,0.014508064179859607
10,pcr-globwb_wfdei,mean,0.01594939563385872
11,pcr-globwb_wfdei,mean,0.00924248461570388
12,pcr-globwb_wfdei,mean,0.0030742040836635696
1,vegas_gswp3,mean,4.2449757266567044e-4
2,vegas_gswp3,mean,2.514074312724444e-4
3,vegas_gswp3,mean,2.043291455679952e-4
4,vegas_gswp3,mean,3.436533219118158e-4
5,vegas_gswp3,mean,0.0014612985808356944
6,vegas_gswp3,mean,0.004588745758028821
7,vegas_gswp3,mean,0.010625786648037065
8,vegas_gswp3,mean,0.024910314910291324
9,vegas_gswp3,mean,0.029878613421018774
10,vegas_gswp3,mean,0.01431007228868769
11,vegas_gswp3,mean,0.003821889752245036
12,vegas_gswp3,mean,0.0011341585657028384
1,vegas_wfdei,mean,2.9082395455424137e-4
2,vegas_wfdei,mean,1.54955284069477e-4
3,vegas_wfdei,mean,1.3819786109853883e-4
4,vegas_wfdei,mean,2.429949988605506e-4
5,vegas_wfdei,mean,0.0013600424214447388
6,vegas_wfdei,mean,0.004761401955559212
7,vegas_wfdei,mean,0.011777633844180832
8,vegas_wfdei,mean,0.027123449298429077
9,vegas_wfdei,mean,0.032884290477457646
10,vegas_wfdei,mean,0.01611083121468075
11,vegas_wfdei,mean,0.004192421054053293
12,vegas_wfdei,mean,0.0010418083855257632
1,vic_princeton,mean,0.0022322293082877444
2,vic_princeton,mean,8.684796856981656e-4
3,vic_princeton,mean,5.741250622496031e-4
4,vic_princeton,mean,0.003375393348169942
5,vic_princeton,mean,0.00834761408666658
6,vic_princeton,mean,0.015441465343202372
7,vic_princeton,mean,0.019312198136955987
8,vic_princeton,mean,0.0336588730338453
9,vic_princeton,mean,0.04277241908559732
10,vic_princeton,mean,0.024407564635344773
11,vic_princeton,mean,0.01650428539426139
12,vic_princeton,mean,0.006292422693193288
1,watergap2_princeton,mean,3.0361677344297404e-4
2,watergap2_princeton,mean,2.2447939731851414e-4
3,watergap2_princeton,mean,1.6637463664652562e-4
4,watergap2_princeton,mean,1.383151973402845e-4
5,watergap2_princeton,mean,2.441829727016961e-4
6,watergap2_princeton,mean,4.5191127124613606e-4
7,watergap2_princeton,mean,7.218248548566412e-4
8,watergap2_princeton,mean,0.0011907243761478555
9,watergap2_princeton,mean,0.0018531084874887074
10,watergap2_princeton,mean,0.0010787910206683175
11,watergap2_princeton,mean,6.084150721958735e-4
12,watergap2_princeton,mean,4.283544191678092e-4
1,watergap2_wfdei,mean,0.001319509187221135
2,watergap2_wfdei,mean,9.534136117634499e-4
3,watergap2_wfdei,mean,7.090925338893096e-4
4,watergap2_wfdei,mean,5.24131598744577e-4
5,watergap2_wfdei,mean,5.302189116149351e-4
6,watergap2_wfdei,mean,9.245518723359369e-4
7,watergap2_wfdei,mean,0.0021810469545796665
8,watergap2_wfdei,mean,0.00789941944243511
9,watergap2_wfdei,mean,0.013263377251754138
10,watergap2_wfdei,mean,0.007522424632027801
11,watergap2_wfdei,mean,0.0039002625930967686
12,watergap2_wfdei,mean,0.002011994568156789
1,LORA,mean,6.248909448626893e-4
2,LORA,mean,9.363195730539072e-4
3,LORA,mean,0.0010070415310785936
4,LORA,mean,9.056155029791967e-4
5,LORA,mean,0.0010413211532596335
6,LORA,mean,5.351577479989273e-4
7,LORA,mean,7.916850628722577e-4
8,LORA,mean,0.0017610017050754072
9,LORA,mean,0.004190668483462989
10,LORA,mean,0.005117650872768996
11,LORA,mean,0.0020884529431718125
12,LORA,mean,4.496473243678843e-4
1,caraib_gswp3,median,1.156523354098267e-4
2,caraib_gswp3,median,1.663876443600641e-5
3,caraib_gswp3,median,4.974589408327317e-6
4,caraib_gswp3,median,7.373019428328082e-6
5,caraib_gswp3,median,2.3163448322356992e-4
6,caraib_gswp3,median,0.0033013686166666863
7,caraib_gswp3,median,0.010073773120289852
8,caraib_gswp3,median,0.02627279654587162
9,caraib_gswp3,median,0.039961619593301224
10,caraib_gswp3,median,0.020777844328856276
11,caraib_gswp3,median,0.004723569511832327
12,caraib_gswp3,median,8.113253192496934e-4
1,caraib_princeton,median,7.994156397470573e-5
2,caraib_princeton,median,1.1402161972377966e-5
3,caraib_princeton,median,4.084110505103144e-6
4,caraib_princeton,median,1.4306296011429528e-5
5,caraib_princeton,median,5.077196350469348e-4
6,caraib_princeton,median,0.003714543468317942
7,caraib_princeton,median,0.008397254098346928
8,caraib_princeton,median,0.02758286243791285
9,caraib_princeton,median,0.044395691024581685
10,caraib_princeton,median,0.026921415887559398
11,caraib_princeton,median,0.006090436556409314
12,caraib_princeton,median,5.722152186188635e-4
1,caraib_wfdei,median,5.469299742415523e-4
2,caraib_wfdei,median,1.165318160410833e-4
3,caraib_wfdei,median,3.46352368143888e-5
4,caraib_wfdei,median,2.7744100809975856e-5
5,caraib_wfdei,median,0.0015242581404115514
6,caraib_wfdei,median,0.008769202568148508
7,caraib_wfdei,median,0.02191018137029618
8,caraib_wfdei,median,0.041702269046237
9,caraib_wfdei,median,0.05293402887639882
10,caraib_wfdei,median,0.03055845537694289
11,caraib_wfdei,median,0.008829667280617525
12,caraib_wfdei,median,0.0018234664787955893
1,dbh_gswp3,median,0.01131924750639023
2,dbh_gswp3,median,0.005506177535611214
3,dbh_gswp3,median,0.005123572535831731
4,dbh_gswp3,median,0.012633036103746623
5,dbh_gswp3,median,0.025156042801550593
6,dbh_gswp3,median,0.009295559339355726
7,dbh_gswp3,median,0.007732547212780662
8,dbh_gswp3,median,0.009601161369074497
9,dbh_gswp3,median,0.00847587385275245
10,dbh_gswp3,median,0.0066785590226284275
11,dbh_gswp3,median,0.005913014873247597
12,dbh_gswp3,median,0.005247122489734511
1,dbh_princeton,median,0.009997559762663491
2,dbh_princeton,median,0.0045347593206268525
3,dbh_princeton,median,0.00452634966758421
4,dbh_princeton,median,0.012303367947645655
5,dbh_princeton,median,0.00925336234725152
6,dbh_princeton,median,0.00800502869206819
7,dbh_princeton,median,0.007619725885781173
8,dbh_princeton,median,0.009259011378800738
9,dbh_princeton,median,0.008786534755355721
10,dbh_princeton,median,0.006102529844277611
11,dbh_princeton,median,0.005804810987358895
12,dbh_princeton,median,0.004573675686766785
1,dbh_wfdei,median,0.01262453125685938
2,dbh_wfdei,median,0.006370285305348151
3,dbh_wfdei,median,0.005760611039055028
4,dbh_wfdei,median,0.009661229332594813
5,dbh_wfdei,median,0.027321988995331118
6,dbh_wfdei,median,0.016562938916397006
7,dbh_wfdei,median,0.010715530302522163
8,dbh_wfdei,median,0.012103105569974296
9,dbh_wfdei,median,0.009968474913181587
10,dbh_wfdei,median,0.007672824192035112
11,dbh_wfdei,median,0.006721364521417281
12,dbh_wfdei,median,0.005933773823001384
1,dlem_gswp3,median,0.0012600688328743205
2,dlem_gswp3,median,9.677237872058053e-4
3,dlem_gswp3,median,6.77885108042712e-4
4,dlem_gswp3,median,4.0875142736008385e-4
5,dlem_gswp3,median,3.875907773904536e-4
6,dlem_gswp3,median,3.025346725038522e-4
7,dlem_gswp3,median,3.0996628164565185e-4
8,dlem_gswp3,median,6.690238778506261e-4
9,dlem_gswp3,median,0.0014110348298812063
10,dlem_gswp3,median,0.002948667327705827
11,dlem_gswp3,median,0.002334388248056812
12,dlem_gswp3,median,0.0018073392708151852
1,dlem_princeton,median,3.709316522174363e-4
2,dlem_princeton,median,2.9824413644529373e-4
3,dlem_princeton,median,2.3358238187223856e-4
4,dlem_princeton,median,4.481249020378239e-4
5,dlem_princeton,median,2.7717970565079014e-4
6,dlem_princeton,median,2.314793142888085e-4
7,dlem_princeton,median,2.293289870628562e-4
8,dlem_princeton,median,2.9897836754006596e-4
9,dlem_princeton,median,5.616669689409558e-4
10,dlem_princeton,median,6.155019481952609e-4
11,dlem_princeton,median,8.332522823665988e-4
12,dlem_princeton,median,5.844875885581957e-4
1,dlem_wfdei,median,0.0014417242137063743
2,dlem_wfdei,median,0.0010658303260064868
3,dlem_wfdei,median,8.327797129237589e-4
4,dlem_wfdei,median,4.827369171394833e-4
5,dlem_wfdei,median,4.090350256887906e-4
6,dlem_wfdei,median,3.322020851098649e-4
7,dlem_wfdei,median,3.711088455217147e-4
8,dlem_wfdei,median,8.636167983093988e-4
9,dlem_wfdei,median,0.0019234391731178936
10,dlem_wfdei,median,0.006750849573592814
11,dlem_wfdei,median,0.004559812570481522
12,dlem_wfdei,median,0.0022505785943185484
1,h08_gswp3,median,1.7066080882364602e-4
2,h08_gswp3,median,1.9175250025622312e-5
3,h08_gswp3,median,6.8471115073633005e-6
4,h08_gswp3,median,1.1353318969936955e-4
5,h08_gswp3,median,0.0017675330257084332
6,h08_gswp3,median,0.0070553703652898
7,h08_gswp3,median,0.016077657533628355
8,h08_gswp3,median,0.04210891988164722
9,h08_gswp3,median,0.040440560763816774
10,h08_gswp3,median,0.010757631453204592
11,h08_gswp3,median,0.0023690189484581836
12,h08_gswp3,median,7.489747271376258e-4
1,h08_princeton,median,1.000816255722713e-4
2,h08_princeton,median,7.312578681273707e-6
3,h08_princeton,median,7.618145939133742e-6
4,h08_princeton,median,1.3938853134018686e-4
5,h08_princeton,median,0.001782356229119146
6,h08_princeton,median,0.004006543787070748
7,h08_princeton,median,0.010914420680020543
8,h08_princeton,median,0.033113188773925495
9,h08_princeton,median,0.03724142245739579
10,h08_princeton,median,0.011521175452553517
11,h08_princeton,median,0.002527496948614802
12,h08_princeton,median,5.066175666260512e-4
1,lpjml_gswp3,median,6.540638467794906e-4
2,lpjml_gswp3,median,6.165086338948678e-4
3,lpjml_gswp3,median,6.682159173963381e-4
4,lpjml_gswp3,median,0.003238824641820987
5,lpjml_gswp3,median,0.014463899532814
6,lpjml_gswp3,median,0.015266486823428991
7,lpjml_gswp3,median,0.01682339790958728
8,lpjml_gswp3,median,0.02469008598509498
9,lpjml_gswp3,median,0.025537918197713866
10,lpjml_gswp3,median,0.016480185461029792
11,lpjml_gswp3,median,0.005651491479042071
12,lpjml_gswp3,median,8.27937967269274e-4
1,lpjml_princeton,median,4.164996882488544e-4
2,lpjml_princeton,median,5.000602271429349e-4
3,lpjml_princeton,median,6.362512652385822e-4
4,lpjml_princeton,median,0.004162004833102505
5,lpjml_princeton,median,0.01410464573421645
6,lpjml_princeton,median,0.012525423024099808
7,lpjml_princeton,median,0.014687456988312197
8,lpjml_princeton,median,0.022140294897105527
9,lpjml_princeton,median,0.02304143393582843
10,lpjml_princeton,median,0.01278284272175271
11,lpjml_princeton,median,0.004113756664023934
12,lpjml_princeton,median,3.4421605826551795e-4
1,lpjml_wfdei,median,0.0012101942197580925
2,lpjml_wfdei,median,7.85684366127095e-4
3,lpjml_wfdei,median,7.8701950836591e-4
4,lpjml_wfdei,median,0.0025518553481616033
5,lpjml_wfdei,median,0.015862389929395582
6,lpjml_wfdei,median,0.017082746523782933
7,lpjml_wfdei,median,0.01964807946395212
8,lpjml_wfdei,median,0.02899839620228197
9,lpjml_wfdei,median,0.04199848984129284
10,lpjml_wfdei,median,0.02553861240044456
11,lpjml_wfdei,median,0.0096031641094151
12,lpjml_wfdei,median,0.00449082250451475
1,matsiro_gswp3,median,0.0024726826707788807
2,matsiro_gswp3,median,0.0022237687913789815
3,matsiro_gswp3,median,0.001893006661571807
4,matsiro_gswp3,median,0.0016904002703890648
5,matsiro_gswp3,median,0.002014885650506208
6,matsiro_gswp3,median,0.0016091688372401726
7,matsiro_gswp3,median,0.001681286970781939
8,matsiro_gswp3,median,0.002006115620766149
9,matsiro_gswp3,median,0.0027796659826101232
10,matsiro_gswp3,median,0.0038202654067571633
11,matsiro_gswp3,median,0.003099358967849928
12,matsiro_gswp3,median,0.002966135074401497
1,matsiro_princeton,median,0.003465525436922533
2,matsiro_princeton,median,0.0028087782461924
3,matsiro_princeton,median,0.0024039615651984406
4,matsiro_princeton,median,0.0024562332391895696
5,matsiro_princeton,median,0.0024596350700149374
6,matsiro_princeton,median,0.0022236947517220696
7,matsiro_princeton,median,0.0021601239353372173
8,matsiro_princeton,median,0.002490040437284474
9,matsiro_princeton,median,0.004049615008360063
10,matsiro_princeton,median,0.005290116649340102
11,matsiro_princeton,median,0.005554308493221264
12,matsiro_princeton,median,0.004289979034259116
1,matsiro_wfdei,median,0.0069065433156891495
2,matsiro_wfdei,median,0.00510343007954774
3,matsiro_wfdei,median,0.004267114595253091
4,matsiro_wfdei,median,0.003892071354136222
5,matsiro_wfdei,median,0.004233046855275119
6,matsiro_wfdei,median,0.0036960659329487045
7,matsiro_wfdei,median,0.005827017919674094
8,matsiro_wfdei,median,0.012340636877454535
9,matsiro_wfdei,median,0.025599387086520937
10,matsiro_wfdei,median,0.021260879050548725
11,matsiro_wfdei,median,0.013672693626893852
12,matsiro_wfdei,median,0.009218292589526073
1,pcr-globwb_gswp3,median,0.0015300644252845587
2,pcr-globwb_gswp3,median,0.0013862264181631315
3,pcr-globwb_gswp3,median,0.001189630460557549
4,pcr-globwb_gswp3,median,6.9504012892803e-4
5,pcr-globwb_gswp3,median,0.0011722608218037631
6,pcr-globwb_gswp3,median,0.0014942647941190714
7,pcr-globwb_gswp3,median,0.0017503661325749226
8,pcr-globwb_gswp3,median,0.002235892407444934
9,pcr-globwb_gswp3,median,0.005783866614674242
10,pcr-globwb_gswp3,median,0.0175112207099622
11,pcr-globwb_gswp3,median,0.006643849101952752
12,pcr-globwb_gswp3,median,0.0017229380013635662
1,pcr-globwb_wfdei,median,0.0015082033531451237
2,pcr-globwb_wfdei,median,0.0013788559106259518
3,pcr-globwb_wfdei,median,0.0011891679825256729
4,pcr-globwb_wfdei,median,6.971186897627756e-4
5,pcr-globwb_wfdei,median,0.0011609913060657575
6,pcr-globwb_wfdei,median,0.0014607386445177509
7,pcr-globwb_wfdei,median,0.0017215012434731733
8,pcr-globwb_wfdei,median,0.0022364251476002057
9,pcr-globwb_wfdei,median,0.0034186877988588004
10,pcr-globwb_wfdei,median,0.014700958540675223
11,pcr-globwb_wfdei,median,0.006780630568536935
12,pcr-globwb_wfdei,median,0.0017267838542713468
1,vegas_gswp3,median,3.329159190426594e-4
2,vegas_gswp3,median,2.1210016580438967e-4
3,vegas_gswp3,median,1.5646850118895828e-4
4,vegas_gswp3,median,1.984577096024208e-4
5,vegas_gswp3,median,8.264914971203551e-4
6,vegas_gswp3,median,0.0026791963637073026
7,vegas_gswp3,median,0.007549358293329746
8,vegas_gswp3,median,0.018898968222709343
9,vegas_gswp3,median,0.02756820716717301
10,vegas_gswp3,median,0.0108024771338072
11,vegas_gswp3,median,0.0026559830225916996
12,vegas_gswp3,median,6.597691905205023e-4
1,vegas_wfdei,median,2.0006762547189745e-4
2,vegas_wfdei,median,0.00012686030317965897
3,vegas_wfdei,median,1.0480307631652128e-4
4,vegas_wfdei,median,1.5077838222715418e-4
5,vegas_wfdei,median,8.104402098886319e-4
6,vegas_wfdei,median,0.00228281639264959
7,vegas_wfdei,median,0.00838040852908979
8,vegas_wfdei,median,0.02015800366472079
9,vegas_wfdei,median,0.02953257726633403
10,vegas_wfdei,median,0.012164918210653717
11,vegas_wfdei,median,0.0030299334428496283
12,vegas_wfdei,median,5.335448727236859e-4
1,vic_princeton,median,0.002097329132266061
2,vic_princeton,median,8.232815366161266e-4
3,vic_princeton,median,4.612722836513515e-4
4,vic_princeton,median,0.0012498413227742958
5,vic_princeton,median,0.0059005781536179405
6,vic_princeton,median,0.013413272915772809
7,vic_princeton,median,0.018764155616826962
8,vic_princeton,median,0.02877920859755498
9,vic_princeton,median,0.03804883721998506
10,vic_princeton,median,0.024220712551468515
11,vic_princeton,median,0.01579121170015734
12,vic_princeton,median,0.005802163044293774
1,watergap2_princeton,median,2.771115751355925e-4
2,watergap2_princeton,median,2.0485261379523406e-4
3,watergap2_princeton,median,1.5286300688261865e-4
4,watergap2_princeton,median,1.2680062942274737e-4
5,watergap2_princeton,median,1.872706506754718e-4
6,watergap2_princeton,median,4.1801206426552123e-4
7,watergap2_princeton,median,7.141196682277913e-4
8,watergap2_princeton,median,9.453324572902659e-4
9,watergap2_princeton,median,0.001085481217250529
10,watergap2_princeton,median,7.742204423249314e-4
11,watergap2_princeton,median,5.284997929531753e-4
12,watergap2_princeton,median,3.87158856906483e-4
1,watergap2_wfdei,median,0.0010785694641764739
2,watergap2_wfdei,median,8.007335200068237e-4
3,watergap2_wfdei,median,5.957913719216672e-4
4,watergap2_wfdei,median,4.4269568246565983e-4
5,watergap2_wfdei,median,4.3286439515788014e-4
6,watergap2_wfdei,median,5.465531922557228e-4
7,watergap2_wfdei,median,9.802505740274339e-4
8,watergap2_wfdei,median,0.005500954609842592
9,watergap2_wfdei,median,0.010367974337998555
10,watergap2_wfdei,median,0.0063882946424204745
11,watergap2_wfdei,median,0.00333498639843815
12,watergap2_wfdei,median,0.0017331065819407429
1,LORA,median,5.621183032489599e-4
2,LORA,median,9.22397702196081e-4
3,LORA,median,0.0010306985088018475
4,LORA,median,8.044942974633495e-4
5,LORA,median,7.487221990220875e-4
6,LORA,median,2.9415523972933804e-4
7,LORA,median,1.0305738771782048e-4
8,LORA,median,1.522270186416423e-4
9,LORA,median,6.589014641294901e-4
10,LORA,median,0.003435864675473746
11,LORA,median,0.001301728012135389
12,LORA,median,2.5618298714455916e-4
1,caraib_gswp3,max,0.0033647648030735748
2,caraib_gswp3,max,1.6182531307863728e-4
3,caraib_gswp3,max,0.004727233935201814
4,caraib_gswp3,max,0.006116088383431963
5,caraib_gswp3,max,0.006845328492993405
6,caraib_gswp3,max,0.048005248202130243
7,caraib_gswp3,max,0.050497121714535693
8,caraib_gswp3,max,0.09450803447034142
9,caraib_gswp3,max,0.09685332759422244
10,caraib_gswp3,max,0.053392095612564534
11,caraib_gswp3,max,0.03433657602948789
12,caraib_gswp3,max,0.022591783112618048
1,caraib_princeton,max,3.961348836438791e-4
2,caraib_princeton,max,7.035883499947495e-5
3,caraib_princeton,max,0.01246304061975906
4,caraib_princeton,max,0.014430890365656713
5,caraib_princeton,max,0.027744100519915247
6,caraib_princeton,max,0.030789317502965555
7,caraib_princeton,max,0.05962178457419555
8,caraib_princeton,max,0.08494363389885315
9,caraib_princeton,max,0.091466487091278
10,caraib_princeton,max,0.053392095612564534
11,caraib_princeton,max,0.05214615712948935
12,caraib_princeton,max,0.008501692754686029
1,caraib_wfdei,max,0.007501277544856391
2,caraib_wfdei,max,8.827834637214663e-4
3,caraib_wfdei,max,0.013261907363649468
4,caraib_wfdei,max,0.0013551405012483225
5,caraib_wfdei,max,0.025900845485761343
6,caraib_wfdei,max,0.0672439924074262
7,caraib_wfdei,max,0.08373433964947284
8,caraib_wfdei,max,0.09938185570155754
9,caraib_wfdei,max,0.10319295961817286
10,caraib_wfdei,max,0.07164141787813931
11,caraib_wfdei,max,0.04921453899776562
12,caraib_wfdei,max,0.02488210988595673
1,dbh_gswp3,max,0.03925071627900317
2,dbh_gswp3,max,0.01004708473807044
3,dbh_gswp3,max,0.019492169646938673
4,dbh_gswp3,max,0.05211555004193005
5,dbh_gswp3,max,0.07830910731789954
6,dbh_gswp3,max,0.04241215695952597
7,dbh_gswp3,max,0.10044375102486527
8,dbh_gswp3,max,0.04665554195266837
9,dbh_gswp3,max,0.06516013395967786
10,dbh_gswp3,max,0.023974724749530038
11,dbh_gswp3,max,0.015455235710661978
12,dbh_gswp3,max,0.018025783805673698
1,dbh_princeton,max,0.021671334185998058
2,dbh_princeton,max,0.006655239984446146
3,dbh_princeton,max,0.02695462278161386
4,dbh_princeton,max,0.04761797978326061
5,dbh_princeton,max,0.095914240533094
6,dbh_princeton,max,0.04552859188988122
7,dbh_princeton,max,0.05748464520343016
8,dbh_princeton,max,0.06257213236466831
9,dbh_princeton,max,0.07375171819706278
10,dbh_princeton,max,0.019933616962506853
11,dbh_princeton,max,0.06383837196043517
12,dbh_princeton,max,0.010345325973909641
1,dbh_wfdei,max,0.04013194965882877
2,dbh_wfdei,max,0.012828508137201692
3,dbh_wfdei,max,0.045131539011628204
4,dbh_wfdei,max,0.044591041745246134
5,dbh_wfdei,max,0.08183888298759215
6,dbh_wfdei,max,0.053296033151114065
7,dbh_wfdei,max,0.10386110038963461
8,dbh_wfdei,max,0.06873541617255272
9,dbh_wfdei,max,0.06386785312714764
10,dbh_wfdei,max,0.043565497087314324
11,dbh_wfdei,max,0.04222454262750211
12,dbh_wfdei,max,0.024016622129261665
1,dlem_gswp3,max,0.00742075952589436
2,dlem_gswp3,max,0.002250565966563652
3,dlem_gswp3,max,0.007896430863398543
4,dlem_gswp3,max,0.006975145698787662
5,dlem_gswp3,max,0.009264252005012122
6,dlem_gswp3,max,7.468138430546157e-4
7,dlem_gswp3,max,0.010445279079022428
8,dlem_gswp3,max,0.042895505108570715
9,dlem_gswp3,max,0.07620613584571506
10,dlem_gswp3,max,0.04055153131525253
11,dlem_gswp3,max,0.016957690737091184
12,dlem_gswp3,max,0.015054544312126451
1,dlem_princeton,max,0.002259971593300145
2,dlem_princeton,max,0.009391550999035147
3,dlem_princeton,max,0.010559412397376754
4,dlem_princeton,max,0.013282590115155764
5,dlem_princeton,max,6.039823327561198e-4
6,dlem_princeton,max,0.006959762718874656
7,dlem_princeton,max,0.0012632589059637395
8,dlem_princeton,max,0.03263028788484904
9,dlem_princeton,max,0.05502138596776006
10,dlem_princeton,max,0.03196108681369413
11,dlem_princeton,max,0.020974881340482223
12,dlem_princeton,max,0.005081391733156879
1,dlem_wfdei,max,0.006175932285250022
2,dlem_wfdei,max,0.00235377422627186
3,dlem_wfdei,max,0.014930133512300159
4,dlem_wfdei,max,0.0011775410581522981
5,dlem_wfdei,max,0.01273431501519396
6,dlem_wfdei,max,0.01035576923513819
7,dlem_wfdei,max,0.00668279568836081
8,dlem_wfdei,max,0.05749281331018684
9,dlem_wfdei,max,0.06766411284805886
10,dlem_wfdei,max,0.059970412494801444
11,dlem_wfdei,max,0.018958961509228888
12,dlem_wfdei,max,0.012943796733234715
1,h08_gswp3,max,0.0017591783627608306
2,h08_gswp3,max,2.2306943864151344e-4
3,h08_gswp3,max,9.598772025160919e-4
4,h08_gswp3,max,0.0010032709172381363
5,h08_gswp3,max,0.03549476521515632
6,h08_gswp3,max,0.07277008099841117
7,h08_gswp3,max,0.06825748694930131
8,h08_gswp3,max,0.10271356600707163
9,h08_gswp3,max,0.11432373021974325
10,h08_gswp3,max,0.0373657935391554
11,h08_gswp3,max,0.05063882541522063
12,h08_gswp3,max,0.006544287133453156
1,h08_princeton,max,3.931003370057864e-4
2,h08_princeton,max,4.843402710035233e-5
3,h08_princeton,max,2.071142433479943e-4
4,h08_princeton,max,8.689911492072443e-4
5,h08_princeton,max,0.057181558363455814
6,h08_princeton,max,0.06857891317484775
7,h08_princeton,max,0.06403578802056704
8,h08_princeton,max,0.08363265449127824
9,h08_princeton,max,0.10985779626462189
10,h08_princeton,max,0.036082368108622705
11,h08_princeton,max,0.028178353684796677
12,h08_princeton,max,0.002463043808330163
1,lpjml_gswp3,max,0.005396824416097445
2,lpjml_gswp3,max,0.0037817138424253377
3,lpjml_gswp3,max,0.017760368688510556
4,lpjml_gswp3,max,0.01605180625283607
5,lpjml_gswp3,max,0.03635215393999327
6,lpjml_gswp3,max,0.040313209100183586
7,lpjml_gswp3,max,0.047391148177569876
8,lpjml_gswp3,max,0.07465445113907034
9,lpjml_gswp3,max,0.08535524431198119
10,lpjml_gswp3,max,0.03821069006858479
11,lpjml_gswp3,max,0.03629532947467924
12,lpjml_gswp3,max,0.011644743106899058
1,lpjml_princeton,max,0.001913649047434246
2,lpjml_princeton,max,8.128231112887506e-4
3,lpjml_princeton,max,0.00812969334214675
4,lpjml_princeton,max,0.014529307417712405
5,lpjml_princeton,max,0.04683714676851608
6,lpjml_princeton,max,0.03382962844134446
7,lpjml_princeton,max,0.04501181839741526
8,lpjml_princeton,max,0.056447147134299686
9,lpjml_princeton,max,0.0628863057258642
10,lpjml_princeton,max,0.04025354220279313
11,lpjml_princeton,max,0.025166294379935592
12,lpjml_princeton,max,0.0062454838006267875
1,lpjml_wfdei,max,0.009311177173923893
2,lpjml_wfdei,max,0.0036679759778653616
3,lpjml_wfdei,max,0.018207685643585284
4,lpjml_wfdei,max,0.01771438034791073
5,lpjml_wfdei,max,0.03978209565877314
6,lpjml_wfdei,max,0.04468329127229516
7,lpjml_wfdei,max,0.07063437493179126
8,lpjml_wfdei,max,0.10152958080052979
9,lpjml_wfdei,max,0.11446118926791067
10,lpjml_wfdei,max,0.07318027537611839
11,lpjml_wfdei,max,0.04472662195617225
12,lpjml_wfdei,max,0.017125584185571436
1,matsiro_gswp3,max,0.007879352958161714
2,matsiro_gswp3,max,0.005332267015887767
3,matsiro_gswp3,max,0.004592946720033421
4,matsiro_gswp3,max,0.004019093185128708
5,matsiro_gswp3,max,0.0041157570299149
6,matsiro_gswp3,max,0.0031824226126835648
7,matsiro_gswp3,max,0.004721387176755423
8,matsiro_gswp3,max,0.013170598982093542
9,matsiro_gswp3,max,0.02315389218789227
10,matsiro_gswp3,max,0.016775403806620036
11,matsiro_gswp3,max,0.011765619862226922
12,matsiro_gswp3,max,0.011440464455593586
1,matsiro_princeton,max,0.006161674794465697
2,matsiro_princeton,max,0.004521298781484855
3,matsiro_princeton,max,0.005333588073323043
4,matsiro_princeton,max,0.004303790128511388
5,matsiro_princeton,max,0.004949350747346573
6,matsiro_princeton,max,0.004366060717860065
7,matsiro_princeton,max,0.005416729643276637
8,matsiro_princeton,max,0.018427464702131337
9,matsiro_princeton,max,0.03368029196436681
10,matsiro_princeton,max,0.022464124065686188
11,matsiro_princeton,max,0.016434313684321314
12,matsiro_princeton,max,0.008752612504382876
1,matsiro_wfdei,max,0.01326565467689725
2,matsiro_wfdei,max,0.008599907762663382
3,matsiro_wfdei,max,0.006798538883570088
4,matsiro_wfdei,max,0.005963526540408901
5,matsiro_wfdei,max,0.007024545044222824
6,matsiro_wfdei,max,0.015289303989301303
7,matsiro_wfdei,max,0.04046428281086044
8,matsiro_wfdei,max,0.07892013005572832
9,matsiro_wfdei,max,0.09159084953867527
10,matsiro_wfdei,max,0.07208297225980029
11,matsiro_wfdei,max,0.05098633086872466
12,matsiro_wfdei,max,0.023970072555110907
1,pcr-globwb_gswp3,max,0.011491827686738905
2,pcr-globwb_gswp3,max,0.0015774320513005727
3,pcr-globwb_gswp3,max,0.0015238439608439142
4,pcr-globwb_gswp3,max,0.0016083207270010868
5,pcr-globwb_gswp3,max,0.002023992960024473
6,pcr-globwb_gswp3,max,0.003252389225028964
7,pcr-globwb_gswp3,max,0.006783939472037812
8,pcr-globwb_gswp3,max,0.051296653304324896
9,pcr-globwb_gswp3,max,0.05998682469070324
10,pcr-globwb_gswp3,max,0.053488651959539814
11,pcr-globwb_gswp3,max,0.03444102763737048
12,pcr-globwb_gswp3,max,0.030099252358695597
1,pcr-globwb_wfdei,max,0.01062953119035808
2,pcr-globwb_wfdei,max,0.00194535658447148
3,pcr-globwb_wfdei,max,0.0019380335659270713
4,pcr-globwb_wfdei,max,0.0016934750747414841
5,pcr-globwb_wfdei,max,0.00270109058724103
6,pcr-globwb_wfdei,max,0.0033142915588246047
7,pcr-globwb_wfdei,max,0.008338473086530717
8,pcr-globwb_wfdei,max,0.04929119486646098
9,pcr-globwb_wfdei,max,0.06024777584254587
10,pcr-globwb_wfdei,max,0.04413295774035578
11,pcr-globwb_wfdei,max,0.03104038058307695
12,pcr-globwb_wfdei,max,0.027413228301988467
1,vegas_gswp3,max,0.0018406135870073692
2,vegas_gswp3,max,6.604253304237517e-4
3,vegas_gswp3,max,8.081310411458758e-4
4,vegas_gswp3,max,0.0018384452696577995
5,vegas_gswp3,max,0.008442245933759935
6,vegas_gswp3,max,0.03277855832635863
7,vegas_gswp3,max,0.043973118256199796
8,vegas_gswp3,max,0.08445081005010502
9,vegas_gswp3,max,0.07958817820542606
10,vegas_gswp3,max,0.04333097278413553
11,vegas_gswp3,max,0.026394081087421563
12,vegas_gswp3,max,0.012489335031375694
1,vegas_wfdei,max,0.001595108257885472
2,vegas_wfdei,max,4.5265687709239574e-4
3,vegas_wfdei,max,6.01439378500123e-4
4,vegas_wfdei,max,9.39708837548789e-4
5,vegas_wfdei,max,0.007000158858658488
6,vegas_wfdei,max,0.03314305176876901
7,vegas_wfdei,max,0.049459418620872914
8,vegas_wfdei,max,0.08024531638934303
9,vegas_wfdei,max,0.08587114354648082
10,vegas_wfdei,max,0.047033219030221084
11,vegas_wfdei,max,0.028891542559572152
12,vegas_wfdei,max,0.012766674003355913
1,vic_princeton,max,0.004298648365748594
2,vic_princeton,max,0.0018876166608922528
3,vic_princeton,max,0.0020006218998092013
4,vic_princeton,max,0.018978694480879753
5,vic_princeton,max,0.037571595291974486
6,vic_princeton,max,0.04773756915516625
7,vic_princeton,max,0.04672205417250777
8,vic_princeton,max,0.07778029061686677
9,vic_princeton,max,0.08871391455040971
10,vic_princeton,max,0.03468886491971835
11,vic_princeton,max,0.04782314259326785
12,vic_princeton,max,0.01584112090468762
1,watergap2_princeton,max,5.691576290263238e-4
2,watergap2_princeton,max,4.2092637740827907e-4
3,watergap2_princeton,max,3.1128287349666564e-4
4,watergap2_princeton,max,2.5421054801922824e-4
5,watergap2_princeton,max,0.0011970914130400526
6,watergap2_princeton,max,8.506174960096947e-4
7,watergap2_princeton,max,0.0010511843968471987
8,watergap2_princeton,max,0.004823921956202509
9,watergap2_princeton,max,0.007538497690518153
10,watergap2_princeton,max,0.004164839494252842
11,watergap2_princeton,max,0.001453280174414415
12,watergap2_princeton,max,7.798154011801058e-4
1,watergap2_wfdei,max,0.004407452555677737
2,watergap2_wfdei,max,0.002595791516696532
3,watergap2_wfdei,max,0.001935329499506856
4,watergap2_wfdei,max,0.0014173051037994961
5,watergap2_wfdei,max,0.001986263818703825
6,watergap2_wfdei,max,0.005880402670898067
7,watergap2_wfdei,max,0.017276550830155498
8,watergap2_wfdei,max,0.03021750858505871
9,watergap2_wfdei,max,0.040403241322988316
10,watergap2_wfdei,max,0.015188905351092697
11,watergap2_wfdei,max,0.01845562481140855
12,watergap2_wfdei,max,0.007545688387459976
1,LORA,max,0.0015376149053113893
2,LORA,max,0.0016457322317178116
3,LORA,max,0.0015101248225503718
4,LORA,max,0.002361879086324532
5,LORA,max,0.0036766988424012364
6,LORA,max,0.003048126331434732
7,LORA,max,0.015454030353681819
8,LORA,max,0.025008045514169103
9,LORA,max,0.023879157900476865
10,LORA,max,0.021998954703074346
11,LORA,max,0.00910079057471179
12,LORA,max,0.003652919808566246
