Month,Prediction,Stat,Value
1,caraib_gswp3,min,0.006179795343537329
2,caraib_gswp3,min,0.0015631937253199114
3,caraib_gswp3,min,4.193610300519478e-4
4,caraib_gswp3,min,1.7393635221224109e-4
5,caraib_gswp3,min,5.975258651260164e-4
6,caraib_gswp3,min,0.04873421937898325
7,caraib_gswp3,min,0.4939028788967765
8,caraib_gswp3,min,1.0027021276941899
9,caraib_gswp3,min,0.9437628184972455
10,caraib_gswp3,min,0.3940533976535496
11,caraib_gswp3,min,0.08714945825332754
12,caraib_gswp3,min,0.020180691428407047
1,caraib_princeton,min,0.001637264956296549
2,caraib_princeton,min,4.5548892042860615e-4
3,caraib_princeton,min,1.5002463437386462e-4
4,caraib_princeton,min,1.6507650135937568e-4
5,caraib_princeton,min,0.0010702432664644905
6,caraib_princeton,min,0.013959041060917316
7,caraib_princeton,min,0.28832831870007164
8,caraib_princeton,min,0.7040580313040381
9,caraib_princeton,min,0.8062391297746196
10,caraib_princeton,min,0.444118055303489
11,caraib_princeton,min,0.08743426771763577
12,caraib_princeton,min,0.010980286492451644
1,caraib_wfdei,min,0.005890027498620149
2,caraib_wfdei,min,9.202858596972181e-4
3,caraib_wfdei,min,1.924114850909883e-4
4,caraib_wfdei,min,1.635744966596899e-4
5,caraib_wfdei,min,0.0013725220720950874
6,caraib_wfdei,min,0.0840790617061123
7,caraib_wfdei,min,0.81339969226362
8,caraib_wfdei,min,1.3983060939865357
9,caraib_wfdei,min,0.9387040493210903
10,caraib_wfdei,min,0.19824682961234183
11,caraib_wfdei,min,0.0589197817421596
12,caraib_wfdei,min,0.018654904385434726
1,dbh_gswp3,min,0.25579017250610914
2,dbh_gswp3,min,0.10753987243487018
3,dbh_gswp3,min,0.0702672638961467
4,dbh_gswp3,min,0.07667684833886469
5,dbh_gswp3,min,0.33161374060572696
6,dbh_gswp3,min,0.5383145333061828
7,dbh_gswp3,min,0.4249491601367017
8,dbh_gswp3,min,0.25511500262442255
9,dbh_gswp3,min,0.20474902394350436
10,dbh_gswp3,min,0.08842039986586613
11,dbh_gswp3,min,0.11298157040725552
12,dbh_gswp3,min,0.08242883083313272
1,dbh_princeton,min,0.30773154489264626
2,dbh_princeton,min,0.08928982505408571
3,dbh_princeton,min,0.07120360377902568
4,dbh_princeton,min,0.07543158366956618
5,dbh_princeton,min,0.06862985158720902
6,dbh_princeton,min,0.18608930283623673
7,dbh_princeton,min,0.3900139612254073
8,dbh_princeton,min,0.38195864955222203
9,dbh_princeton,min,0.5566804519816221
10,dbh_princeton,min,0.22998495026878502
11,dbh_princeton,min,0.10902152774873232
12,dbh_princeton,min,0.0868431042028479
1,dbh_wfdei,min,0.33365154370385625
2,dbh_wfdei,min,0.10922807174587165
3,dbh_wfdei,min,0.07596973478646019
4,dbh_wfdei,min,0.07312471455048164
5,dbh_wfdei,min,0.09392780519088516
6,dbh_wfdei,min,0.21760142199713117
7,dbh_wfdei,min,0.2294994628249527
8,dbh_wfdei,min,0.5481055476215448
9,dbh_wfdei,min,0.5165055122989504
10,dbh_wfdei,min,0.25812633904649707
11,dbh_wfdei,min,0.12607212636215034
12,dbh_wfdei,min,0.09249187639929575
1,dlem_gswp3,min,0.05618024360757914
2,dlem_gswp3,min,0.04218591500535641
3,dlem_gswp3,min,0.029532787350732007
4,dlem_gswp3,min,0.01759320947550632
5,dlem_gswp3,min,0.014420015708386427
6,dlem_gswp3,min,0.014858008506967583
7,dlem_gswp3,min,0.023607240420449427
8,dlem_gswp3,min,0.1652190097624416
9,dlem_gswp3,min,0.49903633543078996
10,dlem_gswp3,min,0.40563573274035797
11,dlem_gswp3,min,0.12433000682445318
12,dlem_gswp3,min,0.08130141563514161
1,dlem_princeton,min,0.0551647127780904
2,dlem_princeton,min,0.015120327689901117
3,dlem_princeton,min,0.02912052305645093
4,dlem_princeton,min,0.017123638410591575
5,dlem_princeton,min,0.014672643267776533
6,dlem_princeton,min,0.014619811811646151
7,dlem_princeton,min,0.015426332373908527
8,dlem_princeton,min,0.030068243217227404
9,dlem_princeton,min,0.07904223713231386
10,dlem_princeton,min,0.40246998824087366
11,dlem_princeton,min,0.1905471923070114
12,dlem_princeton,min,0.08175453047197102
1,dlem_wfdei,min,0.053303228547138246
2,dlem_wfdei,min,0.04021513344122416
3,dlem_wfdei,min,0.026470390095795538
4,dlem_wfdei,min,0.01624639643025496
5,dlem_wfdei,min,0.014957904718875472
6,dlem_wfdei,min,0.013769258480194923
7,dlem_wfdei,min,0.01934167549511031
8,dlem_wfdei,min,0.11848015472695388
9,dlem_wfdei,min,0.704245517865496
10,dlem_wfdei,min,0.402511126197835
11,dlem_wfdei,min,0.13367792127444622
12,dlem_wfdei,min,0.07565194726643801
1,h08_gswp3,min,0.009092088847528093
2,h08_gswp3,min,0.001546135141759863
3,h08_gswp3,min,9.370322238570305e-5
4,h08_gswp3,min,0.001014934628359081
5,h08_gswp3,min,0.0029865356928914528
6,h08_gswp3,min,0.14387380050302934
7,h08_gswp3,min,0.765394769518009
8,h08_gswp3,min,0.8380160353406548
9,h08_gswp3,min,0.30067261263227324
10,h08_gswp3,min,0.22956051134128036
11,h08_gswp3,min,0.10033964599028017
12,h08_gswp3,min,0.024002840295723388
1,h08_princeton,min,0.0023307519661490326
2,h08_princeton,min,2.628496633543606e-4
3,h08_princeton,min,3.1286535840685704e-5
4,h08_princeton,min,6.293004491443817e-4
5,h08_princeton,min,0.00740161009959024
6,h08_princeton,min,0.03936530311236611
7,h08_princeton,min,0.48534352460945157
8,h08_princeton,min,0.24113867486022508
9,h08_princeton,min,0.4693523499085
10,h08_princeton,min,0.15389249150499507
11,h08_princeton,min,0.06074989273495787
12,h08_princeton,min,0.007981298308788602
1,lpjml_gswp3,min,0.005714299910061002
2,lpjml_gswp3,min,0.0034907940913659684
3,lpjml_gswp3,min,0.0036675021713130653
4,lpjml_gswp3,min,0.01489268863424116
5,lpjml_gswp3,min,0.09732017875939897
6,lpjml_gswp3,min,0.42604769831436057
7,lpjml_gswp3,min,0.5960992506592303
8,lpjml_gswp3,min,0.642716166141821
9,lpjml_gswp3,min,0.6877465606303829
10,lpjml_gswp3,min,0.21982136461882043
11,lpjml_gswp3,min,0.0030726161113172586
12,lpjml_gswp3,min,0.002840498807988159
1,lpjml_princeton,min,0.0024389213289922823
2,lpjml_princeton,min,0.0026931522906627156
3,lpjml_princeton,min,0.0033493455117640366
4,lpjml_princeton,min,0.010928169990718462
5,lpjml_princeton,min,0.03935417662648549
6,lpjml_princeton,min,0.17643516225486852
7,lpjml_princeton,min,0.5778921678696923
8,lpjml_princeton,min,0.392582435644254
9,lpjml_princeton,min,0.40624088114240997
10,lpjml_princeton,min,0.26979810125183123
11,lpjml_princeton,min,0.005487642137523412
12,lpjml_princeton,min,0.002967118955213685
1,lpjml_wfdei,min,0.01227391789947742
2,lpjml_wfdei,min,0.008810844414856075
3,lpjml_wfdei,min,0.009197873199467426
4,lpjml_wfdei,min,0.014671654867353449
5,lpjml_wfdei,min,0.08508119449715347
6,lpjml_wfdei,min,0.5024176574831433
7,lpjml_wfdei,min,0.6192348627591875
8,lpjml_wfdei,min,0.7545057728398176
9,lpjml_wfdei,min,0.9117903237530278
10,lpjml_wfdei,min,0.39292194587340856
11,lpjml_wfdei,min,0.06812721295813895
12,lpjml_wfdei,min,0.01629816001989218
1,matsiro_gswp3,min,0.03502624566131957
2,matsiro_gswp3,min,0.020028778153233753
3,matsiro_gswp3,min,0.01621435502863552
4,matsiro_gswp3,min,0.02084313855554268
5,matsiro_gswp3,min,0.037908657773334284
6,matsiro_gswp3,min,0.05229369538465106
7,matsiro_gswp3,min,0.09362776461746282
8,matsiro_gswp3,min,0.17256022149190928
9,matsiro_gswp3,min,0.3164805220644181
10,matsiro_gswp3,min,0.1015231746026625
11,matsiro_gswp3,min,0.04564573954333761
12,matsiro_gswp3,min,0.0370856457851466
1,matsiro_princeton,min,0.026116855906968942
2,matsiro_princeton,min,0.02106075296972082
3,matsiro_princeton,min,0.017085937926826073
4,matsiro_princeton,min,0.021242523806834532
5,matsiro_princeton,min,0.027219778842468366
6,matsiro_princeton,min,0.042957755332881035
7,matsiro_princeton,min,0.07025192901417888
8,matsiro_princeton,min,0.10685569807538328
9,matsiro_princeton,min,0.17921482048292628
10,matsiro_princeton,min,0.18328469931300412
11,matsiro_princeton,min,0.05456873040848742
12,matsiro_princeton,min,0.03634149138654495
1,matsiro_wfdei,min,2.393814268420259e-4
2,matsiro_wfdei,min,2.974231617363317e-4
3,matsiro_wfdei,min,3.180447866983529e-4
4,matsiro_wfdei,min,4.844361668511487e-4
5,matsiro_wfdei,min,0.0010484295247299344
6,matsiro_wfdei,min,0.003830207447563583
7,matsiro_wfdei,min,0.0031603031824335506
8,matsiro_wfdei,min,0.005763779561477864
9,matsiro_wfdei,min,0.0031101272339631343
10,matsiro_wfdei,min,0.0019337352497886928
11,matsiro_wfdei,min,0.0014050905467887006
12,matsiro_wfdei,min,0.004562294777617532
1,pcr-globwb_gswp3,min,0.020628856775607295
2,pcr-globwb_gswp3,min,0.01982711378283269
3,pcr-globwb_gswp3,min,0.015333729885078426
4,pcr-globwb_gswp3,min,0.004832637501052678
5,pcr-globwb_gswp3,min,0.0051218653748852675
6,pcr-globwb_gswp3,min,0.006298491292493313
7,pcr-globwb_gswp3,min,0.00917825825183982
8,pcr-globwb_gswp3,min,0.015603488877692941
9,pcr-globwb_gswp3,min,0.022169401557950014
10,pcr-globwb_gswp3,min,0.0267639700995032
11,pcr-globwb_gswp3,min,0.023634342040718872
12,pcr-globwb_gswp3,min,0.021577156514502115
1,pcr-globwb_wfdei,min,0.017694144304266333
2,pcr-globwb_wfdei,min,0.017501093507206234
3,pcr-globwb_wfdei,min,0.004797114490702876
4,pcr-globwb_wfdei,min,0.004683470818198771
5,pcr-globwb_wfdei,min,0.005159427925986078
6,pcr-globwb_wfdei,min,0.006423518389624565
7,pcr-globwb_wfdei,min,0.009048089824846029
8,pcr-globwb_wfdei,min,0.01390144319543038
9,pcr-globwb_wfdei,min,0.018282500244240267
10,pcr-globwb_wfdei,min,0.01827811260080563
11,pcr-globwb_wfdei,min,0.018767025383474745
12,pcr-globwb_wfdei,min,0.017173150072678268
1,vegas_gswp3,min,0.0033471717900182226
2,vegas_gswp3,min,0.002367270848312901
3,vegas_gswp3,min,0.001190713153563745
4,vegas_gswp3,min,0.002444085226603202
5,vegas_gswp3,min,0.011165897910197297
6,vegas_gswp3,min,0.044333221811740174
7,vegas_gswp3,min,0.23466810512554462
8,vegas_gswp3,min,0.48227981367038053
9,vegas_gswp3,min,0.5103413999249656
10,vegas_gswp3,min,0.17446991338256668
11,vegas_gswp3,min,0.025416715117120212
12,vegas_gswp3,min,0.006111182642742401
1,vegas_wfdei,min,0.0022234490349426215
2,vegas_wfdei,min,0.001387120675964159
3,vegas_wfdei,min,8.484135257969828e-4
4,vegas_wfdei,min,9.773734226369993e-4
5,vegas_wfdei,min,0.002113844512864746
6,vegas_wfdei,min,0.0355027438593714
7,vegas_wfdei,min,0.25210536679043816
8,vegas_wfdei,min,0.5508545228084333
9,vegas_wfdei,min,0.5679957291980102
10,vegas_wfdei,min,0.18877833749547915
11,vegas_wfdei,min,0.022944392752901645
12,vegas_wfdei,min,0.0026175162659192795
1,vic_princeton,min,0.11896393623554376
2,vic_princeton,min,0.07779174331950606
3,vic_princeton,min,0.05134881462059968
4,vic_princeton,min,0.05066524115743189
5,vic_princeton,min,0.06014046559962477
6,vic_princeton,min,0.0894548657290791
7,vic_princeton,min,0.27200750237111637
8,vic_princeton,min,0.41511492816085627
9,vic_princeton,min,0.9715935574521621
10,vic_princeton,min,0.9241151805700489
11,vic_princeton,min,0.4770932494442709
12,vic_princeton,min,0.24337673609202767
1,watergap2_princeton,min,0.1128594792405513
2,watergap2_princeton,min,0.0766377673570423
3,watergap2_princeton,min,0.060202938515378945
4,watergap2_princeton,min,0.05105368040789883
5,watergap2_princeton,min,0.07634929853482042
6,watergap2_princeton,min,0.16027361698162054
7,watergap2_princeton,min,0.535395100992041
8,watergap2_princeton,min,0.5234766120961678
9,watergap2_princeton,min,0.5668131245132956
10,watergap2_princeton,min,0.5094801197488591
11,watergap2_princeton,min,0.25895635429590885
12,watergap2_princeton,min,0.18423054766616334
1,watergap2_wfdei,min,0.1228330167254484
2,watergap2_wfdei,min,0.08151032808515389
3,watergap2_wfdei,min,0.05505454022948316
4,watergap2_wfdei,min,0.04950263147862918
5,watergap2_wfdei,min,0.07397249740675393
6,watergap2_wfdei,min,0.35738485782700513
7,watergap2_wfdei,min,0.6569397739838975
8,watergap2_wfdei,min,0.9323139144004441
9,watergap2_wfdei,min,0.8114042013416689
10,watergap2_wfdei,min,0.3763570198113294
11,watergap2_wfdei,min,0.23260369632263153
12,watergap2_wfdei,min,0.17156574586299458
1,LORA,min,0.10418974066270346
2,LORA,min,0.059007266944189646
3,LORA,min,0.04354332590334538
4,LORA,min,0.019977771133644857
5,LORA,min,0.0317244125477565
6,LORA,min,0.108390642701322
7,LORA,min,0.4557178858198737
8,LORA,min,0.8924758740797623
9,LORA,min,0.965952771204067
10,LORA,min,0.5298028849117541
11,LORA,min,0.30654158639757484
12,LORA,min,0.1734249694391571
1,caraib_gswp3,mean,0.03448813248598079
2,caraib_gswp3,mean,0.007501741336262171
3,caraib_gswp3,mean,0.0015151422369763564
4,caraib_gswp3,mean,0.039939346773365615
5,caraib_gswp3,mean,0.0771922230281333
6,caraib_gswp3,mean,0.4813956572822872
7,caraib_gswp3,mean,1.424555846186191
8,caraib_gswp3,mean,2.2636446578642593
9,caraib_gswp3,mean,1.7955288756632088
10,caraib_gswp3,mean,1.265677254789183
11,caraib_gswp3,mean,0.5805348019988514
12,caraib_gswp3,mean,0.15369461266770598
1,caraib_princeton,mean,0.020452489494049368
2,caraib_princeton,mean,0.0030334915427790593
3,caraib_princeton,mean,9.637691191070507e-4
4,caraib_princeton,mean,0.026480448541024666
5,caraib_princeton,mean,0.08094515252947657
6,caraib_princeton,mean,0.4383794923267055
7,caraib_princeton,mean,1.3211589701465576
8,caraib_princeton,mean,2.738380321580568
9,caraib_princeton,mean,2.2035402260781374
10,caraib_princeton,mean,1.3914657437666074
11,caraib_princeton,mean,0.6850578435349722
12,caraib_princeton,mean,0.1228412354076554
1,caraib_wfdei,mean,0.0379268066439014
2,caraib_wfdei,mean,0.008294846120007913
3,caraib_wfdei,mean,0.001900317437274984
4,caraib_wfdei,mean,0.003714291534726409
5,caraib_wfdei,mean,0.13535740011185374
6,caraib_wfdei,mean,0.8479840250893799
7,caraib_wfdei,mean,1.930757839370253
8,caraib_wfdei,mean,2.633583372429247
9,caraib_wfdei,mean,1.976463486403273
10,caraib_wfdei,mean,1.3449616275507095
11,caraib_wfdei,mean,0.6383194874211002
12,caraib_wfdei,mean,0.16212181790375335
1,dbh_gswp3,mean,0.41379987305233984
2,dbh_gswp3,mean,0.17767303350875283
3,dbh_gswp3,mean,0.1516958913619538
4,dbh_gswp3,mean,0.49025574272976036
5,dbh_gswp3,mean,1.2571975769742028
6,dbh_gswp3,mean,1.3542264101967312
7,dbh_gswp3,mean,1.3104435436617465
8,dbh_gswp3,mean,1.2705051945679404
9,dbh_gswp3,mean,1.0951793646070789
10,dbh_gswp3,mean,1.0203411056266876
11,dbh_gswp3,mean,0.55205505757612
12,dbh_gswp3,mean,0.1718303425638738
1,dbh_princeton,mean,0.35982624190936346
2,dbh_princeton,mean,0.13589585561812342
3,dbh_princeton,mean,0.16017556755095497
4,dbh_princeton,mean,0.4120578971163937
5,dbh_princeton,mean,1.2452513763630504
6,dbh_princeton,mean,0.9507816454371207
7,dbh_princeton,mean,1.0636237342654908
8,dbh_princeton,mean,1.5303781076081622
9,dbh_princeton,mean,1.605751962537865
10,dbh_princeton,mean,0.9828943738759159
11,dbh_princeton,mean,0.7885333214487809
12,dbh_princeton,mean,0.1665977742644662
1,dbh_wfdei,mean,0.43055372349709664
2,dbh_wfdei,mean,0.16943747186684022
3,dbh_wfdei,mean,0.13559378369230157
4,dbh_wfdei,mean,0.3786017957009217
5,dbh_wfdei,mean,1.0729410385434266
6,dbh_wfdei,mean,1.1798907792888405
7,dbh_wfdei,mean,1.2621142306064164
8,dbh_wfdei,mean,1.6245277561491434
9,dbh_wfdei,mean,1.4775476489944035
10,dbh_wfdei,mean,1.1937987391059994
11,dbh_wfdei,mean,0.6349813790483476
12,dbh_wfdei,mean,0.1810610355083178
1,dlem_gswp3,mean,0.08447416509451317
2,dlem_gswp3,mean,0.0576571832451393
3,dlem_gswp3,mean,0.042830493010232173
4,dlem_gswp3,mean,0.06656631377568338
5,dlem_gswp3,mean,0.07464564809993529
6,dlem_gswp3,mean,0.07532408416627095
7,dlem_gswp3,mean,0.31808844324297375
8,dlem_gswp3,mean,1.3791239172350174
9,dlem_gswp3,mean,1.4617888513365034
10,dlem_gswp3,mean,0.913534223365708
11,dlem_gswp3,mean,0.5130092021017566
12,dlem_gswp3,mean,0.20414115154679474
1,dlem_princeton,mean,0.08402840340197254
2,dlem_princeton,mean,0.05690974990202432
3,dlem_princeton,mean,0.042940605113183976
4,dlem_princeton,mean,0.05167100274193915
5,dlem_princeton,mean,0.031132547722422764
6,dlem_princeton,mean,0.03082845034323092
7,dlem_princeton,mean,0.26535713432236163
8,dlem_princeton,mean,1.315196048905735
9,dlem_princeton,mean,1.6246089688903682
10,dlem_princeton,mean,1.0687128787996818
11,dlem_princeton,mean,0.6631469516435649
12,dlem_princeton,mean,0.20953713819078268
1,dlem_wfdei,mean,0.09356209927423134
2,dlem_wfdei,mean,0.06029856240601763
3,dlem_wfdei,mean,0.044585644966710844
4,dlem_wfdei,mean,0.033099186150447
5,dlem_wfdei,mean,0.05107319704138768
6,dlem_wfdei,mean,0.0565933283073285
7,dlem_wfdei,mean,0.3774834663014941
8,dlem_wfdei,mean,1.4522377788635983
9,dlem_wfdei,mean,1.5488886192188707
10,dlem_wfdei,mean,1.0078463031828464
11,dlem_wfdei,mean,0.539617163417666
12,dlem_wfdei,mean,0.23239074677977214
1,h08_gswp3,mean,0.030724330174393737
2,h08_gswp3,mean,0.009907660673916562
3,h08_gswp3,mean,0.0021879571413974007
4,h08_gswp3,mean,0.009151241710076374
5,h08_gswp3,mean,0.1955756733813822
6,h08_gswp3,mean,0.8679178443233566
7,h08_gswp3,mean,1.8390558761172193
8,h08_gswp3,mean,2.2942989129877502
9,h08_gswp3,mean,1.5456868780947333
10,h08_gswp3,mean,1.190915928599839
11,h08_gswp3,mean,0.36502183031399676
12,h08_gswp3,mean,0.09975352575900238
1,h08_princeton,mean,0.011617648681795453
2,h08_princeton,mean,0.002862972607180849
3,h08_princeton,mean,0.0013348514080592671
4,h08_princeton,mean,0.006195577547992954
5,h08_princeton,mean,0.2746853108602547
6,h08_princeton,mean,0.47646822139653655
7,h08_princeton,mean,1.5519375072289423
8,h08_princeton,mean,2.525868453396846
9,h08_princeton,mean,1.872957566633377
10,h08_princeton,mean,1.0676027535089538
11,h08_princeton,mean,0.40622181063844215
12,h08_princeton,mean,0.064037898671899
1,lpjml_gswp3,mean,0.03534961931734105
2,lpjml_gswp3,mean,0.026506352370513304
3,lpjml_gswp3,mean,0.02777393247380137
4,lpjml_gswp3,mean,0.15372843995577723
5,lpjml_gswp3,mean,0.5943311042055058
6,lpjml_gswp3,mean,0.9090834259756511
7,lpjml_gswp3,mean,1.1237162311381947
8,lpjml_gswp3,mean,1.4960288041560341
9,lpjml_gswp3,mean,1.3298210987891272
10,lpjml_gswp3,mean,0.9460990065076867
11,lpjml_gswp3,mean,0.41990370978806624
12,lpjml_gswp3,mean,0.10257775735814435
1,lpjml_princeton,mean,0.029071409142612067
2,lpjml_princeton,mean,0.017601456272392627
3,lpjml_princeton,mean,0.025070190185387656
4,lpjml_princeton,mean,0.11021323506354407
5,lpjml_princeton,mean,0.6289040291879366
6,lpjml_princeton,mean,0.7144040176685861
7,lpjml_princeton,mean,1.0481187483122685
8,lpjml_princeton,mean,1.616579360489158
9,lpjml_princeton,mean,1.4526915520437453
10,lpjml_princeton,mean,0.8780354034640415
11,lpjml_princeton,mean,0.4380443821383127
12,lpjml_princeton,mean,0.07870431074847563
1,lpjml_wfdei,mean,0.08097899865887334
2,lpjml_wfdei,mean,0.039050511076537966
3,lpjml_wfdei,mean,0.03141799605351104
4,lpjml_wfdei,mean,0.1458679464193954
5,lpjml_wfdei,mean,0.630901474004474
6,lpjml_wfdei,mean,0.9844504931276036
7,lpjml_wfdei,mean,1.3572788628549541
8,lpjml_wfdei,mean,2.0466419973041576
9,lpjml_wfdei,mean,1.7937431674632975
10,lpjml_wfdei,mean,1.2384820016285807
11,lpjml_wfdei,mean,0.5825173018408524
12,lpjml_wfdei,mean,0.18336910473677148
1,matsiro_gswp3,mean,0.052015399153411114
2,matsiro_gswp3,mean,0.04583293938017199
3,matsiro_gswp3,mean,0.0363632096797812
4,matsiro_gswp3,mean,0.07180214371501523
5,matsiro_gswp3,mean,0.11250876874930771
6,matsiro_gswp3,mean,0.12351832731094442
7,matsiro_gswp3,mean,0.3048921149910202
8,matsiro_gswp3,mean,0.8679376465714694
9,matsiro_gswp3,mean,0.9191510679863614
10,matsiro_gswp3,mean,0.7578894814499525
11,matsiro_gswp3,mean,0.35254953245134635
12,matsiro_gswp3,mean,0.09588644556231796
1,matsiro_princeton,mean,0.044604193431249176
2,matsiro_princeton,mean,0.034432620301943245
3,matsiro_princeton,mean,0.03352713794876331
4,matsiro_princeton,mean,0.05400222170369568
5,matsiro_princeton,mean,0.11201993618533079
6,matsiro_princeton,mean,0.11407686273352502
7,matsiro_princeton,mean,0.25287953818256176
8,matsiro_princeton,mean,1.0152604577251738
9,matsiro_princeton,mean,1.2543257540543327
10,matsiro_princeton,mean,0.8567028159446314
11,matsiro_princeton,mean,0.4750573680792192
12,matsiro_princeton,mean,0.08651091766090396
1,matsiro_wfdei,mean,0.07203300536656486
2,matsiro_wfdei,mean,0.05414061619880204
3,matsiro_wfdei,mean,0.045542669467762434
4,matsiro_wfdei,mean,0.07153396921739992
5,matsiro_wfdei,mean,0.1294227735494407
6,matsiro_wfdei,mean,0.2848209483103254
7,matsiro_wfdei,mean,0.9763512636918387
8,matsiro_wfdei,mean,1.8740897180812757
9,matsiro_wfdei,mean,1.616568763668842
10,matsiro_wfdei,mean,1.175190684683306
11,matsiro_wfdei,mean,0.5819572133800912
12,matsiro_wfdei,mean,0.15112741993418305
1,pcr-globwb_gswp3,mean,0.0560735285158338
2,pcr-globwb_gswp3,mean,0.03164926954178823
3,pcr-globwb_gswp3,mean,0.029343656303879657
4,pcr-globwb_gswp3,mean,0.02438951542903831
5,pcr-globwb_gswp3,mean,0.01868742562668884
6,pcr-globwb_gswp3,mean,0.020403775250049657
7,pcr-globwb_gswp3,mean,0.06780939750883026
8,pcr-globwb_gswp3,mean,0.28292707402833356
9,pcr-globwb_gswp3,mean,0.5669661886328954
10,pcr-globwb_gswp3,mean,0.7802985151250302
11,pcr-globwb_gswp3,mean,0.6571337480852125
12,pcr-globwb_gswp3,mean,0.31536455688023834
1,pcr-globwb_wfdei,mean,0.05723879982321613
2,pcr-globwb_wfdei,mean,0.03563636145514012
3,pcr-globwb_wfdei,mean,0.032769835337108436
4,pcr-globwb_wfdei,mean,0.027423152428629614
5,pcr-globwb_wfdei,mean,0.02279696005789592
6,pcr-globwb_wfdei,mean,0.024404568946985117
7,pcr-globwb_wfdei,mean,0.06380584314324118
8,pcr-globwb_wfdei,mean,0.2581467403631087
9,pcr-globwb_wfdei,mean,0.5162741538868806
10,pcr-globwb_wfdei,mean,0.742141634312577
11,pcr-globwb_wfdei,mean,0.5953066647640036
12,pcr-globwb_wfdei,mean,0.28188280208530564
1,vegas_gswp3,mean,0.019997528877286664
2,vegas_gswp3,mean,0.009911609489628619
3,vegas_gswp3,mean,0.007307288044121882
4,vegas_gswp3,mean,0.015582900760013951
5,vegas_gswp3,mean,0.07813180833381234
6,vegas_gswp3,mean,0.3000366809670462
7,vegas_gswp3,mean,0.823809747381466
8,vegas_gswp3,mean,1.4442075384725162
9,vegas_gswp3,mean,1.2058669039996068
10,vegas_gswp3,mean,0.7411281837525923
11,vegas_gswp3,mean,0.29370554160978524
12,vegas_gswp3,mean,0.07412495209026049
1,vegas_wfdei,mean,0.020226662147888725
2,vegas_wfdei,mean,0.0101179781296879
3,vegas_wfdei,mean,0.0061738239010994634
4,vegas_wfdei,mean,0.008450054314765202
5,vegas_wfdei,mean,0.04813664916336767
6,vegas_wfdei,mean,0.2680409069465742
7,vegas_wfdei,mean,0.8926183805104094
8,vegas_wfdei,mean,1.5594804441221655
9,vegas_wfdei,mean,1.2937548021182763
10,vegas_wfdei,mean,0.7866860181995404
11,vegas_wfdei,mean,0.30337345448603564
12,vegas_wfdei,mean,0.07399104710322925
1,vic_princeton,mean,0.2559243579095552
2,vic_princeton,mean,0.1560100560912188
3,vic_princeton,mean,0.10360070908066726
4,vic_princeton,mean,0.12659492452220317
5,vic_princeton,mean,0.3830623305615311
6,vic_princeton,mean,0.5044241901069709
7,vic_princeton,mean,0.8057501219118853
8,vic_princeton,mean,1.708802226915614
9,vic_princeton,mean,1.8799469539676101
10,vic_princeton,mean,1.4532952344021668
11,vic_princeton,mean,1.045820493733379
12,vic_princeton,mean,0.4729953615870674
1,watergap2_princeton,mean,0.19745793775885806
2,watergap2_princeton,mean,0.13954632382143467
3,watergap2_princeton,mean,0.09703804417616903
4,watergap2_princeton,mean,0.09193972385520076
5,watergap2_princeton,mean,0.5405495722747246
6,watergap2_princeton,mean,0.616591987168537
7,watergap2_princeton,mean,1.0025340120719504
8,watergap2_princeton,mean,1.7659338264987263
9,watergap2_princeton,mean,1.5088468674192368
10,watergap2_princeton,mean,1.0668348285758213
11,watergap2_princeton,mean,0.5832209287092703
12,watergap2_princeton,mean,0.28853418779014683
1,watergap2_wfdei,mean,0.21638683937196743
2,watergap2_wfdei,mean,0.15566989086632452
3,watergap2_wfdei,mean,0.10868879934421148
4,watergap2_wfdei,mean,0.1114617364396637
5,watergap2_wfdei,mean,0.42400457649764894
6,watergap2_wfdei,mean,0.7976672077486473
7,watergap2_wfdei,mean,1.243575112441606
8,watergap2_wfdei,mean,1.7743950512849613
9,watergap2_wfdei,mean,1.4441801658793982
10,watergap2_wfdei,mean,1.1506709623025018
11,watergap2_wfdei,mean,0.5786500876328466
12,watergap2_wfdei,mean,0.31425021174687695
1,LORA,mean,0.21634088622340888
2,LORA,mean,0.12016285665361279
3,LORA,mean,0.08390200947362952
4,LORA,mean,0.0633665403827363
5,LORA,mean,0.11433330382940762
6,LORA,mean,0.45342615643441747
7,LORA,mean,1.1352208365043994
8,LORA,mean,1.7317488498165754
9,LORA,mean,1.658403543325724
10,LORA,mean,1.279586209330547
11,LORA,mean,0.9101537772183219
12,LORA,mean,0.4606521518930507
1,caraib_gswp3,median,0.023082734915245713
2,caraib_gswp3,median,0.0051453614499825835
3,caraib_gswp3,median,0.0012855359605514912
4,caraib_gswp3,median,0.0011869762158541856
5,caraib_gswp3,median,0.022364682309982294
6,caraib_gswp3,median,0.4003507697433578
7,caraib_gswp3,median,1.269263447966077
8,caraib_gswp3,median,2.315795247234539
9,caraib_gswp3,median,1.8018035891636353
10,caraib_gswp3,median,1.1921926574154778
11,caraib_gswp3,median,0.4401374287591463
12,caraib_gswp3,median,0.09374231507496973
1,caraib_princeton,median,0.013557991253663484
2,caraib_princeton,median,0.0020871886988635445
3,caraib_princeton,median,6.795831970902813e-4
4,caraib_princeton,median,9.680088077880652e-4
5,caraib_princeton,median,0.024001990544263732
6,caraib_princeton,median,0.22733561105499922
7,caraib_princeton,median,1.118740377076609
8,caraib_princeton,median,2.4275179080035922
9,caraib_princeton,median,2.179306354182331
10,caraib_princeton,median,1.245135106091655
11,caraib_princeton,median,0.5880944889626971
12,caraib_princeton,median,0.09980657282442618
1,caraib_wfdei,median,0.024705881016193795
2,caraib_wfdei,median,0.004807873854302749
3,caraib_wfdei,median,0.0016206107847807993
4,caraib_wfdei,median,0.0013266625307891437
5,caraib_wfdei,median,0.05524939629558189
6,caraib_wfdei,median,0.7182886450168642
7,caraib_wfdei,median,1.7262545906726072
8,caraib_wfdei,median,2.550655522774586
9,caraib_wfdei,median,1.967775784039989
10,caraib_wfdei,median,1.257357437341124
11,caraib_wfdei,median,0.48832853830015527
12,caraib_wfdei,median,0.10034592485296222
1,dbh_gswp3,median,0.39445398331992143
2,dbh_gswp3,median,0.12290778835100014
3,dbh_gswp3,median,0.09028323114074163
4,dbh_gswp3,median,0.4379980443109597
5,dbh_gswp3,median,1.2495719292700147
6,dbh_gswp3,median,1.1362062580962802
7,dbh_gswp3,median,1.2290963392370804
8,dbh_gswp3,median,1.2001562209805774
9,dbh_gswp3,median,0.9757341350288868
10,dbh_gswp3,median,0.8483821746182001
11,dbh_gswp3,median,0.3860425964220464
12,dbh_gswp3,median,0.14050931193646204
1,dbh_princeton,median,0.3450131907063814
2,dbh_princeton,median,0.11169897885928225
3,dbh_princeton,median,0.09494628881239683
4,dbh_princeton,median,0.3899437862413946
5,dbh_princeton,median,1.0942638889845415
6,dbh_princeton,median,0.8736097906744622
7,dbh_princeton,median,0.9714429557460205
8,dbh_princeton,median,1.1482680079370189
9,dbh_princeton,median,1.450768503198307
10,dbh_princeton,median,0.8941854556256217
11,dbh_princeton,median,0.5215834282834837
12,dbh_princeton,median,0.12464129806903128
1,dbh_wfdei,median,0.3887525015386025
2,dbh_wfdei,median,0.12971679405123251
3,dbh_wfdei,median,0.09580216405427952
4,dbh_wfdei,median,0.311984882058914
5,dbh_wfdei,median,0.9402340728269161
6,dbh_wfdei,median,1.0983608473784598
7,dbh_wfdei,median,1.138135913689592
8,dbh_wfdei,median,1.5321181532458623
9,dbh_wfdei,median,1.3091077747283526
10,dbh_wfdei,median,1.0032409192756013
11,dbh_wfdei,median,0.45745670034658303
12,dbh_wfdei,median,0.14909299632197615
1,dlem_gswp3,median,0.07910032695371279
2,dlem_gswp3,median,0.05593618498972887
3,dlem_gswp3,median,0.04187988154428935
4,dlem_gswp3,median,0.036545200384510854
5,dlem_gswp3,median,0.02701064007206843
6,dlem_gswp3,median,0.030576494234316343
7,dlem_gswp3,median,0.11189543926595694
8,dlem_gswp3,median,1.3165955191440977
9,dlem_gswp3,median,1.5139014354982696
10,dlem_gswp3,median,0.8013757782478516
11,dlem_gswp3,median,0.5130135865072325
12,dlem_gswp3,median,0.1542311689695759
1,dlem_princeton,median,0.0805978674632959
2,dlem_princeton,median,0.056622808749290834
3,dlem_princeton,median,0.043841424217599206
4,dlem_princeton,median,0.03672626137828659
5,dlem_princeton,median,0.023688399554874753
6,dlem_princeton,median,0.021666506927095933
7,dlem_princeton,median,0.04168935217253348
8,dlem_princeton,median,0.877512124523089
9,dlem_princeton,median,1.5627389085677152
10,dlem_princeton,median,0.882299239652883
11,dlem_princeton,median,0.4866178953077248
12,dlem_princeton,median,0.14564942479465148
1,dlem_wfdei,median,0.0831888545756679
2,dlem_wfdei,median,0.05861223219943609
3,dlem_wfdei,median,0.04387126826769705
4,dlem_wfdei,median,0.0350246753493369
5,dlem_wfdei,median,0.029138386446976538
6,dlem_wfdei,median,0.02905462655455236
7,dlem_wfdei,median,0.11763387430172444
8,dlem_wfdei,median,1.5103858785547901
9,dlem_wfdei,median,1.3430809724024866
10,dlem_wfdei,median,0.8261950269811771
11,dlem_wfdei,median,0.5356332023662731
12,dlem_wfdei,median,0.20041354615279344
1,h08_gswp3,median,0.025094001047612544
2,h08_gswp3,median,0.0050662833878626
3,h08_gswp3,median,0.0015455412720069995
4,h08_gswp3,median,0.005657600966300274
5,h08_gswp3,median,0.050849901825922694
6,h08_gswp3,median,0.8237280464553585
7,h08_gswp3,median,1.8277708769632885
8,h08_gswp3,median,2.2340177594052015
9,h08_gswp3,median,1.5621833610473224
10,h08_gswp3,median,0.8801588420524382
11,h08_gswp3,median,0.19108584508007326
12,h08_gswp3,median,0.08693175994539659
1,h08_princeton,median,0.01205998848219119
2,h08_princeton,median,0.001617601987517058
3,h08_princeton,median,6.549810540284159e-4
4,h08_princeton,median,0.004285485789856117
5,h08_princeton,median,0.06378315933604037
6,h08_princeton,median,0.2819542075631508
7,h08_princeton,median,1.4951574322103498
8,h08_princeton,median,2.0854372411729782
9,h08_princeton,median,1.8709416136665462
10,h08_princeton,median,0.8824328296780597
11,h08_princeton,median,0.22483052400359155
12,h08_princeton,median,0.06567123400852554
1,lpjml_gswp3,median,0.020437656345293483
2,lpjml_gswp3,median,0.013957891370503014
3,lpjml_gswp3,median,0.012993521017572274
4,lpjml_gswp3,median,0.12314615051493338
5,lpjml_gswp3,median,0.5883018356310351
6,lpjml_gswp3,median,0.8567039176539927
7,lpjml_gswp3,median,1.0381459993628437
8,lpjml_gswp3,median,1.3331543697929211
9,lpjml_gswp3,median,1.245345434809106
10,lpjml_gswp3,median,0.9196485282243018
11,lpjml_gswp3,median,0.33933139736257056
12,lpjml_gswp3,median,0.07768002822474457
1,lpjml_princeton,median,0.015241499489663614
2,lpjml_princeton,median,0.012671503582239937
3,lpjml_princeton,median,0.013227517597125897
4,lpjml_princeton,median,0.09675747789002921
5,lpjml_princeton,median,0.5400365557603432
6,lpjml_princeton,median,0.6886336297631888
7,lpjml_princeton,median,0.9974231775366719
8,lpjml_princeton,median,1.1914897462056069
9,lpjml_princeton,median,1.2027220372118441
10,lpjml_princeton,median,0.7993630467550872
11,lpjml_princeton,median,0.3504615258116046
12,lpjml_princeton,median,0.037920275662094244
1,lpjml_wfdei,median,0.07492776402066267
2,lpjml_wfdei,median,0.025576943105216257
3,lpjml_wfdei,median,0.017700350834509406
4,lpjml_wfdei,median,0.11776948316659397
5,lpjml_wfdei,median,0.6211423383570652
6,lpjml_wfdei,median,0.9541763049792636
7,lpjml_wfdei,median,1.196405779081307
8,lpjml_wfdei,median,1.8563595725764186
9,lpjml_wfdei,median,1.6956129544721417
10,lpjml_wfdei,median,1.0977406112046075
11,lpjml_wfdei,median,0.4222656802755164
12,lpjml_wfdei,median,0.17336284348865513
1,matsiro_gswp3,median,0.04368035747279579
2,matsiro_gswp3,median,0.03820715164467229
3,matsiro_gswp3,median,0.031403360112705295
4,matsiro_gswp3,median,0.06192715948005083
5,matsiro_gswp3,median,0.10600059110422715
6,matsiro_gswp3,median,0.10312939139614044
7,matsiro_gswp3,median,0.21296918297448694
8,matsiro_gswp3,median,0.8061105913740563
9,matsiro_gswp3,median,0.7757715485104133
10,matsiro_gswp3,median,0.661367697806064
11,matsiro_gswp3,median,0.2350250661660774
12,matsiro_gswp3,median,0.08160680388212349
1,matsiro_princeton,median,0.041562463712997266
2,matsiro_princeton,median,0.03222912060075532
3,matsiro_princeton,median,0.026506804856795137
4,matsiro_princeton,median,0.04673366366342664
5,matsiro_princeton,median,0.10225475271940399
6,matsiro_princeton,median,0.10474283932987982
7,matsiro_princeton,median,0.1406069710058786
8,matsiro_princeton,median,0.5008378537601961
9,matsiro_princeton,median,1.1056545477242234
10,matsiro_princeton,median,0.7157383212385976
11,matsiro_princeton,median,0.3313025924232307
12,matsiro_princeton,median,0.06822945345943254
1,matsiro_wfdei,median,0.0649515837797742
2,matsiro_wfdei,median,0.04308952130709838
3,matsiro_wfdei,median,0.041281621669742544
4,matsiro_wfdei,median,0.06872452836636266
5,matsiro_wfdei,median,0.11984638868547642
6,matsiro_wfdei,median,0.2542943321511215
7,matsiro_wfdei,median,0.7626439112822587
8,matsiro_wfdei,median,1.7152756082092362
9,matsiro_wfdei,median,1.5966644908811314
10,matsiro_wfdei,median,0.9802849659419177
11,matsiro_wfdei,median,0.39490202254529483
12,matsiro_wfdei,median,0.14158589311501452
1,pcr-globwb_gswp3,median,0.037567137092225006
2,pcr-globwb_gswp3,median,0.02945643121409494
3,pcr-globwb_gswp3,median,0.02524699152142945
4,pcr-globwb_gswp3,median,0.02145029756619092
5,pcr-globwb_gswp3,median,0.020302498545806444
6,pcr-globwb_gswp3,median,0.01667728400865942
7,pcr-globwb_gswp3,median,0.026691062973469987
8,pcr-globwb_gswp3,median,0.09259814787836723
9,pcr-globwb_gswp3,median,0.5380374523999893
10,pcr-globwb_gswp3,median,0.8111565550485089
11,pcr-globwb_gswp3,median,0.7331692502388065
12,pcr-globwb_gswp3,median,0.27797842024483416
1,pcr-globwb_wfdei,median,0.04636028391574249
2,pcr-globwb_wfdei,median,0.0336948097189876
3,pcr-globwb_wfdei,median,0.03190777570982041
4,pcr-globwb_wfdei,median,0.022643529711030938
5,pcr-globwb_wfdei,median,0.02078486260618813
6,pcr-globwb_wfdei,median,0.022601553513922946
7,pcr-globwb_wfdei,median,0.02879222509345531
8,pcr-globwb_wfdei,median,0.07140479831273916
9,pcr-globwb_wfdei,median,0.3958968757766635
10,pcr-globwb_wfdei,median,0.7373565223820969
11,pcr-globwb_wfdei,median,0.644092741008405
12,pcr-globwb_wfdei,median,0.2435635154067708
1,vegas_gswp3,median,0.013871882833579555
2,vegas_gswp3,median,0.0067984886276043315
3,vegas_gswp3,median,0.0050538444707521986
4,vegas_gswp3,median,0.013098144006042874
5,vegas_gswp3,median,0.05053033367566763
6,vegas_gswp3,median,0.22582399417547652
7,vegas_gswp3,median,0.6954389810034521
8,vegas_gswp3,median,1.3154995068257787
9,vegas_gswp3,median,1.1716208905152847
10,vegas_gswp3,median,0.6937636432852075
11,vegas_gswp3,median,0.21649499854183565
12,vegas_gswp3,median,0.0424627977648069
1,vegas_wfdei,median,0.013175303880485469
2,vegas_wfdei,median,0.007457428991353112
3,vegas_wfdei,median,0.00441886906263276
4,vegas_wfdei,median,0.006278855994420546
5,vegas_wfdei,median,0.03028843685606647
6,vegas_wfdei,median,0.1951918967260014
7,vegas_wfdei,median,0.7727667422296757
8,vegas_wfdei,median,1.4611742832257353
9,vegas_wfdei,median,1.2415735217917658
10,vegas_wfdei,median,0.7437472311647453
11,vegas_wfdei,median,0.21709638911165685
12,vegas_wfdei,median,0.03947746331361911
1,vic_princeton,median,0.268370538823147
2,vic_princeton,median,0.16459136127440932
3,vic_princeton,median,0.10750326461186425
4,vic_princeton,median,0.11239318031469445
5,vic_princeton,median,0.24980893358627543
6,vic_princeton,median,0.5046095845890708
7,vic_princeton,median,0.8090908853691567
8,vic_princeton,median,1.4456901889860276
9,vic_princeton,median,1.686158283136103
10,vic_princeton,median,1.3847859736225983
11,vic_princeton,median,1.0000105206326815
12,vic_princeton,median,0.5015063379565647
1,watergap2_princeton,median,0.19667318453347488
2,watergap2_princeton,median,0.14367418737966722
3,watergap2_princeton,median,0.0964896864559
4,watergap2_princeton,median,0.09226258403817611
5,watergap2_princeton,median,0.3918265356956796
6,watergap2_princeton,median,0.6383055340146861
7,watergap2_princeton,median,0.9515460387862209
8,watergap2_princeton,median,1.3979596057488684
9,watergap2_princeton,median,1.3765517678482593
10,watergap2_princeton,median,0.9878418021827736
11,watergap2_princeton,median,0.5409771520149418
12,watergap2_princeton,median,0.2932985526120029
1,watergap2_wfdei,median,0.21500706816214923
2,watergap2_wfdei,median,0.15552939144382272
3,watergap2_wfdei,median,0.10651811966398157
4,watergap2_wfdei,median,0.0992026830441643
5,watergap2_wfdei,median,0.35994424180012274
6,watergap2_wfdei,median,0.7037805693755272
7,watergap2_wfdei,median,1.20414960209115
8,watergap2_wfdei,median,1.6508950068821595
9,watergap2_wfdei,median,1.3901082552677606
10,watergap2_wfdei,median,0.9570543022439946
11,watergap2_wfdei,median,0.4646453529020617
12,watergap2_wfdei,median,0.3076164184686279
1,LORA,median,0.1940300403810764
2,LORA,median,0.10769981973966569
3,LORA,median,0.06426211222950123
4,LORA,median,0.04529254246236502
5,LORA,median,0.09710823281546609
6,LORA,median,0.3901326686636915
7,LORA,median,1.0770343218874798
8,LORA,median,1.7416475680861363
9,LORA,median,1.7220388041940062
10,LORA,median,1.2602006659733656
11,LORA,median,0.9144143861468472
12,LORA,median,0.43484058616234944
1,caraib_gswp3,max,0.12990583947107553
2,caraib_gswp3,max,0.03331252794883677
3,caraib_gswp3,max,0.0057692779200366915
4,caraib_gswp3,max,0.504456858324297
5,caraib_gswp3,max,0.7411642425053949
6,caraib_gswp3,max,2.569897743104252
7,caraib_gswp3,max,3.277862425478523
8,caraib_gswp3,max,4.618029012311422
9,caraib_gswp3,max,2.8532355006828047
10,caraib_gswp3,max,3.171046046237082
11,caraib_gswp3,max,1.6962287000829357
12,caraib_gswp3,max,0.6992997562463233
1,caraib_princeton,max,0.1245661952441723
2,caraib_princeton,max,0.013514171406154194
3,caraib_princeton,max,0.006918285224549534
4,caraib_princeton,max,0.6135091274419476
5,caraib_princeton,max,0.5427045211972559
6,caraib_princeton,max,2.711595141706362
7,caraib_princeton,max,4.109544217469018
8,caraib_princeton,max,8.0037378116725435
9,caraib_princeton,max,3.582233844572548
10,caraib_princeton,max,3.678258671980201
11,caraib_princeton,max,2.2105699053833283
12,caraib_princeton,max,0.3832512315563963
1,caraib_wfdei,max,0.15488721228307084
2,caraib_wfdei,max,0.0434704220553691
3,caraib_wfdei,max,0.0049357150164485095
4,caraib_wfdei,max,0.05563909999680577
5,caraib_wfdei,max,0.6404986075639715
6,caraib_wfdei,max,2.9286589113628216
7,caraib_wfdei,max,4.288771253396435
8,caraib_wfdei,max,4.7723888891463035
9,caraib_wfdei,max,3.1538993776636617
10,caraib_wfdei,max,3.8007698677945294
11,caraib_wfdei,max,1.8997198845399705
12,caraib_wfdei,max,0.7218595395530286
1,dbh_gswp3,max,0.9372025936375445
2,dbh_gswp3,max,0.5716376747233465
3,dbh_gswp3,max,0.7184806790175218
4,dbh_gswp3,max,1.6044668445320327
5,dbh_gswp3,max,3.0829596913475634
6,dbh_gswp3,max,2.5849230411961064
7,dbh_gswp3,max,3.140514361559595
8,dbh_gswp3,max,2.8690651464200534
9,dbh_gswp3,max,2.2264088252564926
10,dbh_gswp3,max,3.1679400141391882
11,dbh_gswp3,max,1.5813102934318166
12,dbh_gswp3,max,0.5329879047883109
1,dbh_princeton,max,0.6010076735211191
2,dbh_princeton,max,0.35820347422669163
3,dbh_princeton,max,0.6262615339494683
4,dbh_princeton,max,1.198207401452434
5,dbh_princeton,max,3.008851362312037
6,dbh_princeton,max,2.071271519068185
7,dbh_princeton,max,2.4434157660365106
8,dbh_princeton,max,5.1114847789228754
9,dbh_princeton,max,3.2593753810426187
10,dbh_princeton,max,2.2036654372975155
11,dbh_princeton,max,3.0763320690832123
12,dbh_princeton,max,0.5686963581094393
1,dbh_wfdei,max,1.2017914722111371
2,dbh_wfdei,max,0.5663328510623854
3,dbh_wfdei,max,0.5536287140802856
4,dbh_wfdei,max,1.2309330954184876
5,dbh_wfdei,max,2.6150823572374944
6,dbh_wfdei,max,2.470168067981075
7,dbh_wfdei,max,3.260084871265451
8,dbh_wfdei,max,4.136126292766739
9,dbh_wfdei,max,2.8318625828696424
10,dbh_wfdei,max,3.2758738957314617
11,dbh_wfdei,max,1.738493138340902
12,dbh_wfdei,max,0.5828543775494816
1,dlem_gswp3,max,0.15538274635835905
2,dlem_gswp3,max,0.08363183468950937
3,dlem_gswp3,max,0.05980441009470553
4,dlem_gswp3,max,0.5196465341142904
5,dlem_gswp3,max,0.7390280558123266
6,dlem_gswp3,max,0.5566703589013436
7,dlem_gswp3,max,2.6298473521796994
8,dlem_gswp3,max,4.702369577830357
9,dlem_gswp3,max,2.857216928109816
10,dlem_gswp3,max,2.6102198715758798
11,dlem_gswp3,max,1.344401370340147
12,dlem_gswp3,max,0.5617069710417908
1,dlem_princeton,max,0.1683165839095995
2,dlem_princeton,max,0.08456147875504293
3,dlem_princeton,max,0.059514815910156046
4,dlem_princeton,max,0.5088904947454027
5,dlem_princeton,max,0.15606738526382008
6,dlem_princeton,max,0.14324194639130194
7,dlem_princeton,max,2.1994101245196673
8,dlem_princeton,max,5.998022582437692
9,dlem_princeton,max,3.4488787452559735
10,dlem_princeton,max,3.2464356916458135
11,dlem_princeton,max,2.1451884768082636
12,dlem_princeton,max,0.633778719164354
1,dlem_wfdei,max,0.22438450328189422
2,dlem_wfdei,max,0.09212520115462028
3,dlem_wfdei,max,0.06517533073329726
4,dlem_wfdei,max,0.049883559590494155
5,dlem_wfdei,max,0.22965360095730913
6,dlem_wfdei,max,0.261472425864279
7,dlem_wfdei,max,2.723822367332987
8,dlem_wfdei,max,4.364273630002764
9,dlem_wfdei,max,2.9880647224160666
10,dlem_wfdei,max,3.8598957170821175
11,dlem_wfdei,max,1.139031735439009
12,dlem_wfdei,max,0.7327987633084776
1,h08_gswp3,max,0.12302189010886463
2,h08_gswp3,max,0.05392856850822328
3,h08_gswp3,max,0.008524135084031995
4,h08_gswp3,max,0.06682601755128582
5,h08_gswp3,max,1.7346730766431473
6,h08_gswp3,max,2.767599677478444
7,h08_gswp3,max,3.7772450109075413
8,h08_gswp3,max,4.5070822598217495
9,h08_gswp3,max,2.923685371205494
10,h08_gswp3,max,3.3006089201750544
11,h08_gswp3,max,1.4435711274465735
12,h08_gswp3,max,0.2682450437163178
1,h08_princeton,max,0.030209791131545035
2,h08_princeton,max,0.011888066070303918
3,h08_princeton,max,0.005391237757095061
4,h08_princeton,max,0.029037796428939958
5,h08_princeton,max,1.6246641875742889
6,h08_princeton,max,1.5688770682546116
7,h08_princeton,max,2.9332074552914276
8,h08_princeton,max,8.72395029416088
9,h08_princeton,max,4.0906107601555854
10,h08_princeton,max,3.0283969474480714
11,h08_princeton,max,1.9405637818165737
12,h08_princeton,max,0.15088556811369339
1,lpjml_gswp3,max,0.11864800476052831
2,lpjml_gswp3,max,0.1399931672515606
3,lpjml_gswp3,max,0.22453747247670877
4,lpjml_gswp3,max,0.5011897147194949
5,lpjml_gswp3,max,1.5188972707344355
6,lpjml_gswp3,max,1.6654018178204535
7,lpjml_gswp3,max,2.305834810972098
8,lpjml_gswp3,max,4.134304589817331
9,lpjml_gswp3,max,2.30021492077928
10,lpjml_gswp3,max,2.35560447347777
11,lpjml_gswp3,max,1.0870634773899872
12,lpjml_gswp3,max,0.3420694743704796
1,lpjml_princeton,max,0.17690185658374877
2,lpjml_princeton,max,0.06995276390673254
3,lpjml_princeton,max,0.14755854250724926
4,lpjml_princeton,max,0.367040766696554
5,lpjml_princeton,max,1.427738605709021
6,lpjml_princeton,max,1.6430153644178218
7,lpjml_princeton,max,2.217648037779287
8,lpjml_princeton,max,5.700672234929505
9,lpjml_princeton,max,3.072336184538503
10,lpjml_princeton,max,2.6865834629729335
11,lpjml_princeton,max,1.4186150857261932
12,lpjml_princeton,max,0.4007633371142793
1,lpjml_wfdei,max,0.2535172903776255
2,lpjml_wfdei,max,0.1324656939816726
3,lpjml_wfdei,max,0.21804343452826666
4,lpjml_wfdei,max,0.5054434649506777
5,lpjml_wfdei,max,1.5406643769949464
6,lpjml_wfdei,max,1.6898557552896312
7,lpjml_wfdei,max,3.885031183130831
8,lpjml_wfdei,max,4.6779944442644386
9,lpjml_wfdei,max,3.1319248245484075
10,lpjml_wfdei,max,3.3476386099904163
11,lpjml_wfdei,max,1.5017750367296172
12,lpjml_wfdei,max,0.4892101030142897
1,matsiro_gswp3,max,0.12070678362181743
2,matsiro_gswp3,max,0.1158538660669341
3,matsiro_gswp3,max,0.07918319296456988
4,matsiro_gswp3,max,0.27056628793850684
5,matsiro_gswp3,max,0.24376594645463012
6,matsiro_gswp3,max,0.5480217472912123
7,matsiro_gswp3,max,1.6120095918233603
8,matsiro_gswp3,max,3.578473620709067
9,matsiro_gswp3,max,1.9211562578876198
10,matsiro_gswp3,max,2.3242684270246423
11,matsiro_gswp3,max,1.088861300158111
12,matsiro_gswp3,max,0.23662670609988032
1,matsiro_princeton,max,0.10117092560341309
2,matsiro_princeton,max,0.06445055199561699
3,matsiro_princeton,max,0.08868932594190382
4,matsiro_princeton,max,0.20865484283550056
5,matsiro_princeton,max,0.19572866337677147
6,matsiro_princeton,max,0.34494299978825843
7,matsiro_princeton,max,1.2249613331440676
8,matsiro_princeton,max,5.266185078123869
9,matsiro_princeton,max,2.931659928789637
10,matsiro_princeton,max,2.818762088915231
11,matsiro_princeton,max,1.7845730950166714
12,matsiro_princeton,max,0.2467308976127819
1,matsiro_wfdei,max,0.2287508651375187
2,matsiro_wfdei,max,0.17774533571504264
3,matsiro_wfdei,max,0.09654953722553694
4,matsiro_wfdei,max,0.186264172310502
5,matsiro_wfdei,max,0.29081681281087
6,matsiro_wfdei,max,1.3139135541032667
7,matsiro_wfdei,max,3.5829761469962556
8,matsiro_wfdei,max,4.475235176389859
9,matsiro_wfdei,max,3.257181610396547
10,matsiro_wfdei,max,3.497449798340342
11,matsiro_wfdei,max,1.6836930931415075
12,matsiro_wfdei,max,0.42118779334569556
1,pcr-globwb_gswp3,max,0.15978153623401511
2,pcr-globwb_gswp3,max,0.062408520787145164
3,pcr-globwb_gswp3,max,0.06168485196413416
4,pcr-globwb_gswp3,max,0.0541774048849797
5,pcr-globwb_gswp3,max,0.053526418898105055
6,pcr-globwb_gswp3,max,0.05722577925872261
7,pcr-globwb_gswp3,max,0.984977221509509
8,pcr-globwb_gswp3,max,2.0293211142459646
9,pcr-globwb_gswp3,max,1.4286840533897305
10,pcr-globwb_gswp3,max,1.6919831436182082
11,pcr-globwb_gswp3,max,1.2399634840503795
12,pcr-globwb_gswp3,max,0.7760087456012642
1,pcr-globwb_wfdei,max,0.14532723547035387
2,pcr-globwb_wfdei,max,0.062243580926573484
3,pcr-globwb_wfdei,max,0.061536665645749805
4,pcr-globwb_wfdei,max,0.052839740533634924
5,pcr-globwb_wfdei,max,0.053236940074243407
6,pcr-globwb_wfdei,max,0.055540010146781664
7,pcr-globwb_wfdei,max,0.7703869352108719
8,pcr-globwb_wfdei,max,1.9052832499368924
9,pcr-globwb_wfdei,max,1.273665650540295
10,pcr-globwb_wfdei,max,2.3149645068104405
11,pcr-globwb_wfdei,max,1.1664376306500979
12,pcr-globwb_wfdei,max,0.7310967217069942
1,vegas_gswp3,max,0.09410582062368973
2,vegas_gswp3,max,0.03713625019496243
3,vegas_gswp3,max,0.023195134297638018
4,vegas_gswp3,max,0.060120734908179624
5,vegas_gswp3,max,0.2570945265017523
6,vegas_gswp3,max,1.6032566109375193
7,vegas_gswp3,max,2.589354853984845
8,vegas_gswp3,max,3.4459432736871523
9,vegas_gswp3,max,2.2335525910203957
10,vegas_gswp3,max,1.9969688884588583
11,vegas_gswp3,max,0.84803139476824
12,vegas_gswp3,max,0.4397166185213288
1,vegas_wfdei,max,0.1020031865171322
2,vegas_wfdei,max,0.042862460600958566
3,vegas_wfdei,max,0.017714309790250366
4,vegas_wfdei,max,0.04091426906546343
5,vegas_wfdei,max,0.24305641526911578
6,vegas_wfdei,max,1.659624053480639
7,vegas_wfdei,max,2.7311020577001317
8,vegas_wfdei,max,3.5758441342187126
9,vegas_wfdei,max,2.3070795964477786
10,vegas_wfdei,max,2.0339649862376916
11,vegas_wfdei,max,0.8676935786632325
12,vegas_wfdei,max,0.4438537275959494
1,vic_princeton,max,0.3998098031074571
2,vic_princeton,max,0.2454541320540465
3,vic_princeton,max,0.18106631336290244
4,vic_princeton,max,0.451339869791407
5,vic_princeton,max,1.1551265303050275
6,vic_princeton,max,1.0357366710008884
7,vic_princeton,max,1.557084353388314
8,vic_princeton,max,5.638233761733005
9,vic_princeton,max,3.3475176117422367
10,vic_princeton,max,2.9430806562420044
11,vic_princeton,max,2.940130162922086
12,vic_princeton,max,0.7536893738509124
1,watergap2_princeton,max,0.30948068510763543
2,watergap2_princeton,max,0.21737121752694202
3,watergap2_princeton,max,0.16786608412692797
4,watergap2_princeton,max,0.14348994699592865
5,watergap2_princeton,max,1.4235698149499447
6,watergap2_princeton,max,1.1363253166461564
7,watergap2_princeton,max,1.7131188801256216
8,watergap2_princeton,max,6.429950659130749
9,watergap2_princeton,max,2.9044264129732835
10,watergap2_princeton,max,2.5857470796780064
11,watergap2_princeton,max,1.4544904429033767
12,watergap2_princeton,max,0.45393630160298565
1,watergap2_wfdei,max,0.29008257604307625
2,watergap2_wfdei,max,0.21480076971964354
3,watergap2_wfdei,max,0.1608424102221875
4,watergap2_wfdei,max,0.22559580014415206
5,watergap2_wfdei,max,1.1922639587191897
6,watergap2_wfdei,max,1.9666379802514395
7,watergap2_wfdei,max,2.377800455588641
8,watergap2_wfdei,max,4.021881645776614
9,watergap2_wfdei,max,2.319057688691707
10,watergap2_wfdei,max,2.9931438852929855
11,watergap2_wfdei,max,1.1902827098385653
12,watergap2_wfdei,max,0.5389977055723121
1,LORA,max,0.38317689813897776
2,LORA,max,0.23142129076671852
3,LORA,max,0.22690314812487
4,LORA,max,0.20435682748587386
5,LORA,max,0.34929715365690445
6,LORA,max,1.2987295416892413
7,LORA,max,2.051432751313484
8,LORA,max,2.3770499216519116
9,LORA,max,2.581970899400484
10,LORA,max,1.883444940930865
11,LORA,max,1.7998086740803658
12,LORA,max,0.8276563773478645
